Sample	0	1	2	3	4	5	6	7	8	9	10	11	12	13	14	15	16	17	18	19	20	21	22	23	24	25	26	27	28	29	30	31	32	33	34	35	36	37	38	39	40	41	42	43	44	45	46	47	48	49	50	51	52	53	54	55	56	57
Fungus_006R_1	(1, 0.0)	(2, 0.017550677581516627)	(3, 0.0)	(4, 0.0012536198272511878)	(5, 0.0)	(6, 0.0)	(7, 0.0)	(8, 0.0)	(9, 0.0)	(10, 0.0)	(15, 0.0)	(20, 0.0)	(25, 0.0)	(30, 0.004011583447203801)	(35, 0.0047637553435545136)	(40, 0.026326016372274948)	(45, 0.08499542428763053)	(50, 0.0005014479309004751)	(55, 0.0012536198272511878)	(60, 0.04011583447203801)	(65, 0.11157216462535573)	(70, 0.0)	(75, 0.0)	(80, 0.0010028958618009502)	(85, 0.0007521718963507127)	(90, 0.0)	(95, 0.0)	(100, 0.0)	(105, 0.0)	(110, 0.0)	(115, 0.0)	(120, 0.047637553435545134)	(125, 0.04989406912459727)	(130, 0.12435908686331783)	(135, 0.09502438290564004)	(140, 0.17199664029886297)	(145, 0.12636487858691972)	(150, 0.11182288859080596)	(155, 0.0)	(160, 0.0)	(165, 0.0)	(170, 0.0)	(175, 0.0)	(180, 0.0)	(185, 0.0)	(190, 0.0)	(195, 0.0)	(200, 0.0)	(205, 0.0)	(210, 0.0)	(215, 0.0)	(220, 0.0)	(225, 0.0)	(230, 0.2181492080125751)	(235, 0.5056558260180614)	(240, 0.0851926567469045)	(245, 0.0)	(250, 0.0)
Fungus_006R_2	(1, 0.0)	(2, 0.0037608594817535638)	(3, 0.0)	(4, 0.0)	(5, 0.0)	(6, 0.0)	(7, 0.0)	(8, 0.0)	(9, 0.0)	(10, 0.0)	(15, 0.0)	(20, 0.0)	(25, 0.0)	(30, 0.09201569532023718)	(35, 0.07095488222241722)	(40, 0.20208351615289147)	(45, 0.08649976808033195)	(50, 0.0)	(55, 0.0)	(60, 0.022565156890521382)	(65, 0.13589238927402877)	(70, 0.056914340157203924)	(75, 0.0)	(80, 0.0)	(85, 0.0)	(90, 0.026827464303175418)	(95, 0.03184194361218017)	(100, 0.0)	(105, 0.0)	(110, 0.04638393360829395)	(115, 0.2264037408015645)	(120, 0.04989406912459727)	(125, 0.0)	(130, 0.03811004274843611)	(135, 0.267021023204503)	(140, 0.0)	(145, 0.0)	(150, 0.0)	(155, 0.0)	(160, 0.06719402274066368)	(165, 0.07296067394601913)	(170, 0.2537326530356404)	(175, 0.0)	(180, 0.12160112324336521)	(185, 0.09352003911293862)	(190, 0.13689528513582971)	(195, 0.0)	(200, 0.2632601637227494)	(205, 0.1000388622146448)	(210, 0.13514021737767806)	(215, 0.5904549386353095)	(220, 0.3754184900502815)	(225, 0.16729591029322)	(230, 0.030417448051523636)	(235, 0.0)	(240, 0.0)	(245, 0.0)	(250, 0.0)
Fungus_034R_1	(1, 0.0)	(2, 0.019924783940624143)	(3, 0.0)	(4, 0.0)	(5, 0.0)	(6, 0.0)	(7, 0.0)	(8, 0.0)	(9, 0.0)	(10, 0.0)	(15, 0.0)	(20, 0.0)	(25, 0.0)	(30, 0.0019924783940624144)	(35, 0.003984956788124829)	(40, 0.026649398520584792)	(45, 0.07397076037956714)	(50, 0.0007471793977734054)	(55, 0.0002490597992578018)	(60, 0.03287589350202984)	(65, 0.11705810565116684)	(70, 0.0)	(75, 0.0)	(80, 0.0002490597992578018)	(85, 0.0002490597992578018)	(90, 0.0)	(95, 0.0)	(100, 0.0)	(105, 0.0)	(110, 0.0)	(115, 0.0)	(120, 0.041592986476052904)	(125, 0.046076062862693334)	(130, 0.13075639461034594)	(135, 0.12303554083335408)	(140, 0.18729296904186696)	(145, 0.12776767701925232)	(150, 0.11880152424597146)	(155, 0.0)	(160, 0.0)	(165, 0.0)	(170, 0.0)	(175, 0.0)	(180, 0.0)	(185, 0.0)	(190, 0.0)	(195, 0.0002490597992578018)	(200, 0.0)	(205, 0.0)	(210, 0.0)	(215, 0.0)	(220, 0.0)	(225, 0.0)	(230, 0.23183270113795168)	(235, 0.48543810539300764)	(240, 0.08620840444485536)	(245, 0.0)	(250, 0.0)
Fungus_034R_2	(1, 0.0)	(2, 0.001245298996289009)	(3, 0.0)	(4, 0.0)	(5, 0.0)	(6, 0.0)	(7, 0.0)	(8, 0.0)	(9, 0.0)	(10, 0.0)	(15, 0.0)	(20, 0.0)	(25, 0.0)	(30, 0.10286169709347215)	(35, 0.07945007596323878)	(40, 0.22863689571866203)	(45, 0.1113297302682374)	(50, 0.0)	(55, 0.0)	(60, 0.03437025229757665)	(65, 0.17035690269233641)	(70, 0.059525292022614626)	(75, 0.0)	(80, 0.0)	(85, 0.0)	(90, 0.024656920126522375)	(95, 0.03013623571019402)	(100, 0.0)	(105, 0.0)	(110, 0.03461931209683445)	(115, 0.2034818559936241)	(120, 0.050310079450075956)	(125, 0.0)	(130, 0.04034768747976389)	(135, 0.23984458668526312)	(140, 0.0)	(145, 0.0)	(150, 0.0)	(155, 0.0)	(160, 0.06326118901148166)	(165, 0.07123110258773131)	(170, 0.2667430450051057)	(175, 0.0)	(180, 0.12876391621628352)	(185, 0.10385793629050334)	(190, 0.1693606634953052)	(195, 0.0)	(200, 0.222410400737217)	(205, 0.08717092974023062)	(210, 0.13797912878882218)	(215, 0.5750790764862643)	(220, 0.3890798585164151)	(225, 0.15678474128025086)	(230, 0.026187608023883095)	(235, 0.0)	(240, 0.0)	(245, 0.0)	(250, 0.0)
Fungus_044R_1	(1, 0.0)	(2, 0.01799885461834247)	(3, 0.006545038043033625)	(4, 0.0)	(5, 0.0016362595107584062)	(6, 0.0)	(7, 0.0)	(8, 0.0016362595107584062)	(9, 0.0016362595107584062)	(10, 0.0)	(15, 0.0)	(20, 0.0)	(25, 0.0)	(30, 0.0009817557064550437)	(35, 0.0019635114129100874)	(40, 0.028798167389347953)	(45, 0.07166816657121819)	(50, 0.00032725190215168124)	(55, 0.00032725190215168124)	(60, 0.0209441217377076)	(65, 0.06839564754970139)	(70, 0.0)	(75, 0.0)	(80, 0.00032725190215168124)	(85, 0.0)	(90, 0.0)	(95, 0.0)	(100, 0.0)	(105, 0.0)	(110, 0.0)	(115, 0.0)	(120, 0.027816411682892908)	(125, 0.02814366358504459)	(130, 0.07363167798412829)	(135, 0.06512312852818457)	(140, 0.15086312689192508)	(145, 0.07035915896261147)	(150, 0.06708663994109466)	(155, 0.0)	(160, 0.0)	(165, 0.0)	(170, 0.0)	(175, 0.0)	(180, 0.0)	(185, 0.0)	(190, 0.0)	(195, 0.0)	(200, 0.0)	(205, 0.0)	(210, 0.0)	(215, 0.0)	(220, 0.0)	(225, 0.0)	(230, 0.11956418198719612)	(235, 0.29599421166874956)	(240, 0.06011560693641618)	(245, 0.0)	(250, 0.0)
Fungus_044R_2	(1, 0.0)	(2, 0.0)	(3, 0.0)	(4, 0.0)	(5, 0.0)	(6, 0.0)	(7, 0.0)	(8, 0.0)	(9, 0.0)	(10, 0.0)	(15, 0.0)	(20, 0.0)	(25, 0.0)	(30, 0.05137854863781396)	(35, 0.04777877771414546)	(40, 0.14399083694673975)	(45, 0.07657694510349342)	(50, 0.0)	(55, 0.0)	(60, 0.01734435081403911)	(65, 0.0906487768960157)	(70, 0.0314161826065614)	(75, 0.0)	(80, 0.0)	(85, 0.0)	(90, 0.01799885461834247)	(95, 0.017017098911887425)	(100, 0.0)	(105, 0.0)	(110, 0.028470915487196272)	(115, 0.13515503558864436)	(120, 0.053669311952875734)	(125, 0.0)	(130, 0.03207068641086476)	(135, 0.1482451116747116)	(140, 0.0)	(145, 0.0)	(150, 0.0)	(155, 0.0)	(160, 0.05530557146363413)	(165, 0.06381412091957785)	(170, 0.1538083940112902)	(175, 0.0)	(180, 0.06937740325615643)	(185, 0.06479587662603288)	(190, 0.09228503640677412)	(195, 0.0)	(200, 0.18718808803076167)	(205, 0.09817557064550438)	(210, 0.12108320379612206)	(215, 0.366522130409883)	(220, 0.25305018774163346)	(225, 0.13171604380049934)	(230, 0.022009717125859446)	(235, 0.0003288716413983622)	(240, 0.0)	(245, 0.0)	(250, 0.0)
Fungus_049R_1	(1, 0.0)	(2, 0.02039756712653909)	(3, 0.0)	(4, 0.0018543242842308262)	(5, 0.0037086485684616525)	(6, 0.0018543242842308262)	(7, 0.0)	(8, 0.0)	(9, 0.0)	(10, 0.0011125945705384957)	(15, 0.0)	(20, 0.0)	(25, 0.0)	(30, 0.0018543242842308262)	(35, 0.0022251891410769915)	(40, 0.02744399940661623)	(45, 0.07306037679869455)	(50, 0.0)	(55, 0.0007417297136923305)	(60, 0.02744399940661623)	(65, 0.0608218365227711)	(70, 0.0)	(75, 0.0)	(80, 0.0)	(85, 0.0)	(90, 0.0)	(95, 0.0)	(100, 0.0)	(105, 0.0)	(110, 0.0)	(115, 0.0)	(120, 0.04079513425307818)	(125, 0.036715620827770364)	(130, 0.07231864708500223)	(135, 0.08047767393561786)	(140, 0.1494585373090046)	(145, 0.07083518765761757)	(150, 0.07973594422192554)	(155, 0.0)	(160, 0.0)	(165, 0.0)	(170, 0.0)	(175, 0.0)	(180, 0.0)	(185, 0.00037086485684616525)	(190, 0.00037086485684616525)	(195, 0.0)	(200, 0.0)	(205, 0.0)	(210, 0.0)	(215, 0.0)	(220, 0.0)	(225, 0.0)	(230, 0.15505831379648038)	(235, 0.3351569633220254)	(240, 0.0694625013929646)	(245, 0.0)	(250, 0.0)
Fungus_049R_2	(1, 0.0)	(2, 0.0018543242842308262)	(3, 0.0)	(4, 0.0)	(5, 0.0)	(6, 0.0)	(7, 0.0)	(8, 0.0)	(9, 0.0)	(10, 0.0)	(15, 0.0)	(20, 0.0)	(25, 0.0)	(30, 0.06341789052069426)	(35, 0.04784156653315532)	(40, 0.1579884290164664)	(45, 0.087524106215695)	(50, 0.0)	(55, 0.0)	(60, 0.012609405132769617)	(65, 0.09345794392523366)	(70, 0.03300697225930871)	(75, 0.0)	(80, 0.0)	(85, 0.0)	(90, 0.02262275626761608)	(95, 0.02744399940661623)	(100, 0.0)	(105, 0.0)	(110, 0.02818572912030856)	(115, 0.1932205904168521)	(120, 0.04005340453938584)	(125, 0.0)	(130, 0.030781783118231716)	(135, 0.17467734757454384)	(140, 0.0)	(145, 0.0)	(150, 0.0)	(155, 0.0)	(160, 0.05785491766800178)	(165, 0.0608218365227711)	(170, 0.17171042871977452)	(175, 0.0)	(180, 0.08529891707461801)	(185, 0.056000593383770954)	(190, 0.11163032191069573)	(195, 0.0)	(200, 0.215472481827622)	(205, 0.09012016021361816)	(210, 0.11682242990654204)	(215, 0.42315680166147457)	(220, 0.3133935889685457)	(225, 0.13020253728021366)	(230, 0.021894586841724403)	(235, 0.0)	(240, 0.0)	(245, 0.0)	(250, 0.0)
Fungus_060R_1	(1, 0.0)	(2, 0.009963260476991096)	(3, 0.001245407559623887)	(4, 0.0)	(5, 0.001245407559623887)	(6, 0.0)	(7, 0.0)	(8, 0.0)	(9, 0.0)	(10, 0.0)	(15, 0.0)	(20, 0.0)	(25, 0.0)	(30, 0.004234385702721216)	(35, 0.0044834672146459925)	(40, 0.03213151503829628)	(45, 0.07771343172053054)	(50, 0.0)	(55, 0.0007472445357743321)	(60, 0.03063702596674762)	(65, 0.09639454511488885)	(70, 0.0)	(75, 0.0)	(80, 0.0004981630238495547)	(85, 0.00024908151192477737)	(90, 0.0)	(95, 0.0)	(100, 0.0)	(105, 0.0)	(110, 0.0)	(115, 0.0)	(120, 0.11731739211657015)	(125, 0.04881997633725636)	(130, 0.13026963073665856)	(135, 0.17659879195466716)	(140, 0.14446727691637087)	(145, 0.11034310978267638)	(150, 0.1013761753533844)	(155, 0.0)	(160, 0.0)	(165, 0.0)	(170, 0.0)	(175, 0.0)	(180, 0.0)	(185, 0.0)	(190, 0.0)	(195, 0.0)	(200, 0.0)	(205, 0.0)	(210, 0.0)	(215, 0.0)	(220, 0.0)	(225, 0.0)	(230, 0.23693397355917678)	(235, 0.4954551758046419)	(240, 0.07343681783883774)	(245, 0.0)	(250, 0.0)
Fungus_060R_2	(1, 0.0)	(2, 0.0)	(3, 0.0)	(4, 0.0)	(5, 0.0)	(6, 0.0)	(7, 0.0)	(8, 0.0)	(9, 0.0)	(10, 0.0)	(15, 0.0)	(20, 0.0)	(25, 0.0)	(30, 0.0782115947443801)	(35, 0.07547169811320754)	(40, 0.19428357930132636)	(45, 0.09166199638831808)	(50, 0.0)	(55, 0.0)	(60, 0.13325860887975588)	(65, 0.17585154741889283)	(70, 0.04657824272993337)	(75, 0.0)	(80, 0.0)	(85, 0.0)	(90, 0.06301762251696869)	(95, 0.072731801482035)	(100, 0.0)	(105, 0.0)	(110, 0.06550843763621646)	(115, 0.2500778379724765)	(120, 0.05753782925462358)	(125, 0.0)	(130, 0.03860763434834049)	(135, 0.24260539261473316)	(140, 0.0)	(145, 0.0)	(150, 0.0)	(155, 0.0)	(160, 0.04284202005106171)	(165, 0.06451211158851734)	(170, 0.22417336073229963)	(175, 0.0)	(180, 0.10436515349648173)	(185, 0.1046142350084065)	(190, 0.1609066567034062)	(195, 0.0)	(200, 0.20997571455258734)	(205, 0.09514913755526495)	(210, 0.11432841397347282)	(215, 0.5793635967370322)	(220, 0.3628166541571806)	(225, 0.16591543843154605)	(230, 0.020163373735693456)	(235, 0.0)	(240, 0.0)	(245, 0.0)	(250, 0.0)
Fungus_100_1	(1, 0.0)	(2, 0.019351342983203033)	(3, 0.0019351342983203036)	(4, 0.0)	(5, 0.0)	(6, 0.003870268596640607)	(7, 0.0)	(8, 0.0)	(9, 0.0019351342983203036)	(10, 0.0)	(15, 0.0)	(20, 0.0)	(25, 0.0)	(30, 0.0027091880176484248)	(35, 0.0030962148773124856)	(40, 0.029414041334468614)	(45, 0.08475888226642929)	(50, 0.0003870268596640607)	(55, 0.0007740537193281214)	(60, 0.024769719018499885)	(65, 0.09095131202105426)	(70, 0.0)	(75, 0.0)	(80, 0.0003870268596640607)	(85, 0.0)	(90, 0.0)	(95, 0.0)	(100, 0.0)	(105, 0.0)	(110, 0.0)	(115, 0.0)	(120, 0.07430915705549966)	(125, 0.04566916944035916)	(130, 0.11572103103955414)	(135, 0.159455066181593)	(140, 0.17493614056815543)	(145, 0.10062698351265577)	(150, 0.09520860747735893)	(155, 0.0)	(160, 0.0)	(165, 0.0)	(170, 0.0)	(175, 0.0)	(180, 0.0)	(185, 0.0)	(190, 0.0)	(195, 0.0)	(200, 0.0)	(205, 0.0)	(210, 0.0)	(215, 0.0)	(220, 0.0)	(225, 0.0)	(230, 0.20015671184415704)	(235, 0.4071256694869208)	(240, 0.08871353698537393)	(245, 0.0)	(250, 0.0)
Fungus_100_2	(1, 0.0)	(2, 0.0)	(3, 0.0)	(4, 0.0)	(5, 0.0)	(6, 0.0)	(7, 0.0)	(8, 0.0)	(9, 0.0)	(10, 0.0)	(15, 0.0)	(20, 0.0)	(25, 0.0)	(30, 0.07353510333617153)	(35, 0.05921510952860129)	(40, 0.19931883272699125)	(45, 0.12539670253115565)	(50, 0.0)	(55, 0.0)	(60, 0.03173620249245297)	(65, 0.159455066181593)	(70, 0.0325102562117811)	(75, 0.0)	(80, 0.0)	(85, 0.0)	(90, 0.052248626054648195)	(95, 0.042959981422710736)	(100, 0.0)	(105, 0.0)	(110, 0.0561188946512888)	(115, 0.21789612199086617)	(120, 0.04837835745800759)	(125, 0.0)	(130, 0.0325102562117811)	(135, 0.21131666537657712)	(140, 0.0)	(145, 0.0)	(150, 0.0)	(155, 0.0)	(160, 0.07392213019583559)	(165, 0.0886291508630699)	(170, 0.18925613437572567)	(175, 0.0)	(180, 0.09675671491601517)	(185, 0.06772970044121061)	(190, 0.1524885827076399)	(195, 0.0)	(200, 0.23879557241272545)	(205, 0.11185076244291355)	(210, 0.14590912609335088)	(215, 0.47720411796578677)	(220, 0.32243954742338676)	(225, 0.11770946670641944)	(230, 0.018202027008709862)	(235, 0.0)	(240, 0.0)	(245, 0.0)	(250, 0.0)
Fungus_110_1	(1, 0.0)	(2, 0.01309757694826457)	(3, 0.0)	(4, 0.0018710824211806531)	(5, 0.0)	(6, 0.0018710824211806531)	(7, 0.0018710824211806531)	(8, 0.0018710824211806531)	(9, 0.0)	(10, 0.0)	(15, 0.0)	(20, 0.0)	(25, 0.0)	(30, 0.0033679483581251757)	(35, 0.004116381326597436)	(40, 0.025820937412293014)	(45, 0.08794087379549069)	(50, 0.0003742164842361306)	(55, 0.0014968659369445224)	(60, 0.02394985499111236)	(65, 0.10103845074375527)	(70, 0.0)	(75, 0.0)	(80, 0.0018710824211806531)	(85, 0.0)	(90, 0.0)	(95, 0.0)	(100, 0.0)	(105, 0.0)	(110, 0.0)	(115, 0.0)	(120, 0.06473945177285059)	(125, 0.03854429787632145)	(130, 0.11787819253438114)	(135, 0.1197492749555618)	(140, 0.16353260361118907)	(145, 0.10103845074375527)	(150, 0.07147534848910095)	(155, 0.0)	(160, 0.0)	(165, 0.0)	(170, 0.0)	(175, 0.0)	(180, 0.0)	(185, 0.0)	(190, 0.0)	(195, 0.0)	(200, 0.0)	(205, 0.0)	(210, 0.0)	(215, 0.0)	(220, 0.0)	(225, 0.0)	(230, 0.163565044241163)	(235, 0.362514230930553)	(240, 0.05538463872903635)	(245, 0.0)	(250, 0.0)
Fungus_110_2	(1, 0.0)	(2, 0.0018710824211806531)	(3, 0.0)	(4, 0.0)	(5, 0.0)	(6, 0.0)	(7, 0.0)	(8, 0.0)	(9, 0.0)	(10, 0.0)	(15, 0.0)	(20, 0.0)	(25, 0.0)	(30, 0.054635606698475066)	(35, 0.05575825615118346)	(40, 0.17550753110674525)	(45, 0.07858546168958742)	(50, 0.0)	(55, 0.0)	(60, 0.022078772569931706)	(65, 0.12910468706146505)	(70, 0.038918514360557585)	(75, 0.0)	(80, 0.0)	(85, 0.0)	(90, 0.04266067920291889)	(95, 0.03742164842361306)	(100, 0.0)	(105, 0.0)	(110, 0.03854429787632145)	(115, 0.20544484984563569)	(120, 0.047151277013752456)	(125, 0.0)	(130, 0.03293105061277949)	(135, 0.17438488165403687)	(140, 0.0)	(145, 0.0)	(150, 0.0)	(155, 0.0)	(160, 0.06997848255215643)	(165, 0.07222378145757322)	(170, 0.18448872672841238)	(175, 0.0)	(180, 0.07147534848910095)	(185, 0.08382449246889326)	(190, 0.11189072878660304)	(195, 0.0)	(200, 0.21480026195153895)	(205, 0.09018617270090748)	(210, 0.12162035737674246)	(215, 0.42436149312377214)	(220, 0.3001339750162791)	(225, 0.141112354629945)	(230, 0.02171503878755204)	(235, 0.0003746230355704572)	(240, 0.0)	(245, 0.0)	(250, 0.0)
Fungus_11_1	(1, 0.0)	(2, 0.027530873908597497)	(3, 0.0)	(4, 0.0)	(5, 0.0)	(6, 0.0)	(7, 0.0)	(8, 0.0)	(9, 0.0)	(10, 0.0)	(15, 0.0)	(20, 0.0)	(25, 0.0)	(30, 0.003932981986942499)	(35, 0.0028841867904244997)	(40, 0.034610241485094)	(45, 0.1019953328613755)	(50, 0.0002621987991295)	(55, 0.001048795196518)	(60, 0.033037048690317)	(65, 0.1025197304596345)	(70, 0.0)	(75, 0.0)	(80, 0.0)	(85, 0.0)	(90, 0.0)	(95, 0.0)	(100, 0.0)	(105, 0.0)	(110, 0.0)	(115, 0.0)	(120, 0.0957025616822675)	(125, 0.054799549018065496)	(130, 0.129001809171714)	(135, 0.18249036419413198)	(140, 0.2097590393036)	(145, 0.0988489472718215)	(150, 0.111172290830908)	(155, 0.0)	(160, 0.0)	(165, 0.0)	(170, 0.0)	(175, 0.0)	(180, 0.0)	(185, 0.0)	(190, 0.0)	(195, 0.0002621987991295)	(200, 0.0)	(205, 0.0)	(210, 0.0)	(215, 0.0)	(220, 0.0)	(225, 0.0)	(230, 0.24306248228216248)	(235, 0.4697634114959431)	(240, 0.07729234910903479)	(245, 0.0)	(250, 0.0)
Fungus_11_2	(1, 0.0)	(2, 0.0013109939956474999)	(3, 0.0)	(4, 0.0)	(5, 0.0)	(6, 0.0)	(7, 0.0)	(8, 0.0)	(9, 0.0)	(10, 0.0)	(15, 0.0)	(20, 0.0)	(25, 0.0)	(30, 0.080232832533627)	(35, 0.07210466976061249)	(40, 0.224966569653111)	(45, 0.128477411573455)	(50, 0.0)	(55, 0.0)	(60, 0.0317260546946695)	(65, 0.17934397860457799)	(70, 0.044835994651144497)	(75, 0.0)	(80, 0.0)	(85, 0.0)	(90, 0.051915362227640996)	(95, 0.0658118985815045)	(100, 0.0)	(105, 0.0)	(110, 0.0506043682319935)	(115, 0.257479220745169)	(120, 0.0679094889745405)	(125, 0.0)	(130, 0.034872440284223497)	(135, 0.24489367838695297)	(140, 0.0)	(145, 0.0)	(150, 0.0)	(155, 0.0)	(160, 0.077610844542332)	(165, 0.0925561760927135)	(170, 0.2194603948713915)	(175, 0.0)	(180, 0.103306326857023)	(185, 0.10068433886572799)	(190, 0.178819581006319)	(195, 0.0018353915939065)	(200, 0.25171084716431996)	(205, 0.12061144759957)	(210, 0.157843677075959)	(215, 0.5713311833031804)	(220, 0.375515348861637)	(225, 0.16754522535623118)	(230, 0.025356308966624757)	(235, 0.0)	(240, 0.0)	(245, 0.0)	(250, 0.0)
Fungus_18_1	(1, 0.0)	(2, 0.014781419755367505)	(3, 0.0)	(4, 0.0036953549388418763)	(5, 0.0018476774694209381)	(6, 0.0018476774694209381)	(7, 0.0018476774694209381)	(8, 0.0036953549388418763)	(9, 0.0018476774694209381)	(10, 0.0003695354938841876)	(15, 0.0)	(20, 0.0)	(25, 0.0)	(30, 0.0018476774694209381)	(35, 0.0011086064816525627)	(40, 0.027345626547429877)	(45, 0.08462362809947895)	(50, 0.0)	(55, 0.0011086064816525627)	(60, 0.02993237500461919)	(65, 0.09016666050774177)	(70, 0.0)	(75, 0.0)	(80, 0.0014781419755367504)	(85, 0.0)	(90, 0.0)	(95, 0.0)	(100, 0.0)	(105, 0.0)	(110, 0.0)	(115, 0.0)	(120, 0.04360518827833414)	(125, 0.035844942906766195)	(130, 0.10790436421418279)	(135, 0.07945013118510033)	(140, 0.1574221203946639)	(145, 0.09829644137319389)	(150, 0.08240641513617382)	(155, 0.0)	(160, 0.0)	(165, 0.0)	(170, 0.0)	(175, 0.0)	(180, 0.0)	(185, 0.0)	(190, 0.0003695354938841876)	(195, 0.0003695354938841876)	(200, 0.0)	(205, 0.0)	(210, 0.0)	(215, 0.0)	(220, 0.0)	(225, 0.0)	(230, 0.16454301413221126)	(235, 0.3602737192528204)	(240, 0.06446067898581864)	(245, 0.0)	(250, 0.0)
Fungus_18_2	(1, 0.0)	(2, 0.0)	(3, 0.0)	(4, 0.0)	(5, 0.0)	(6, 0.0)	(7, 0.0)	(8, 0.0)	(9, 0.0)	(10, 0.0)	(15, 0.0)	(20, 0.0)	(25, 0.0)	(30, 0.07095081482576401)	(35, 0.054691253094859754)	(40, 0.16333468829681091)	(45, 0.08573223458113152)	(50, 0.0)	(55, 0.0)	(60, 0.01847677469420938)	(65, 0.12416392594508702)	(70, 0.04175751080891319)	(75, 0.0)	(80, 0.0)	(85, 0.0)	(90, 0.018846310188093567)	(95, 0.031040981486271754)	(100, 0.0)	(105, 0.0)	(110, 0.032519123461808505)	(115, 0.16333468829681091)	(120, 0.0594952145153542)	(125, 0.0)	(130, 0.026976091053545696)	(135, 0.19770148922804037)	(140, 0.0)	(145, 0.0)	(150, 0.0)	(155, 0.0)	(160, 0.054691253094859754)	(165, 0.06577731791138539)	(170, 0.1991796312035771)	(175, 0.0)	(180, 0.08905805402608921)	(185, 0.06910313735634308)	(190, 0.12712020989616052)	(195, 0.0)	(200, 0.21285244447729204)	(205, 0.09016666050774177)	(210, 0.10753482872029858)	(215, 0.4286611729056576)	(220, 0.30045345188864375)	(225, 0.15893373941519776)	(230, 0.017006362597832798)	(235, 0.0)	(240, 0.0)	(245, 0.0)	(250, 0.0)
Fungus_2093R_1	(1, 0.0)	(2, 0.018651496782616805)	(3, 0.005595449034785042)	(4, 0.0)	(5, 0.0)	(6, 0.0018651496782616805)	(7, 0.0)	(8, 0.0018651496782616805)	(9, 0.0)	(10, 0.0007460598713046723)	(15, 0.0)	(20, 0.0)	(25, 0.0)	(30, 0.0018651496782616805)	(35, 0.0026112095495663527)	(40, 0.023500885946097175)	(45, 0.06528023873915882)	(50, 0.00037302993565233614)	(55, 0.00037302993565233614)	(60, 0.02014361652522615)	(65, 0.06378811899654947)	(70, 0.0)	(75, 0.0)	(80, 0.00037302993565233614)	(85, 0.00037302993565233614)	(90, 0.0)	(95, 0.0)	(100, 0.0)	(105, 0.0)	(110, 0.0)	(115, 0.0)	(120, 0.030588454723491563)	(125, 0.02797724517392521)	(130, 0.06901053809568218)	(135, 0.07199477758090086)	(140, 0.1167583698591812)	(145, 0.07796325655133825)	(150, 0.060057819640026114)	(155, 0.0)	(160, 0.0)	(165, 0.0)	(170, 0.0)	(175, 0.0)	(180, 0.0)	(185, 0.0)	(190, 0.0)	(195, 0.0)	(200, 0.0)	(205, 0.0)	(210, 0.0)	(215, 0.0)	(220, 0.0)	(225, 0.0)	(230, 0.13023019773347214)	(235, 0.29595957334049905)	(240, 0.05228836285135913)	(245, 0.0)	(250, 0.0)
Fungus_2093R_2	(1, 0.0)	(2, 0.0)	(3, 0.0)	(4, 0.0)	(5, 0.0)	(6, 0.0)	(7, 0.0)	(8, 0.0)	(9, 0.0)	(10, 0.0)	(15, 0.0)	(20, 0.0)	(25, 0.0)	(30, 0.05334328079828406)	(35, 0.04401753240697566)	(40, 0.13354471696353634)	(45, 0.06490720880350648)	(50, 0.0)	(55, 0.0)	(60, 0.013056047747831763)	(65, 0.07870931642264292)	(70, 0.03692996362958127)	(75, 0.0)	(80, 0.0)	(85, 0.0)	(90, 0.01604028723305045)	(95, 0.022381796139140167)	(100, 0.0)	(105, 0.0)	(110, 0.021635736267835493)	(115, 0.1507040940035438)	(120, 0.04737480182784669)	(125, 0.0)	(130, 0.020516646460878484)	(135, 0.14846591438962975)	(140, 0.0)	(145, 0.0)	(150, 0.0)	(155, 0.0)	(160, 0.04700177189219435)	(165, 0.054835400540893406)	(170, 0.1466007647113681)	(175, 0.0)	(180, 0.06677235848176817)	(185, 0.05520843047654574)	(190, 0.1063135316609158)	(195, 0.0)	(200, 0.18091951879138302)	(205, 0.0753520470017719)	(210, 0.088781124685256)	(215, 0.37862538468712115)	(220, 0.25142592820558735)	(225, 0.12199125542805128)	(230, 0.013431883560493846)	(235, 0.000373245744998507)	(240, 0.0)	(245, 0.0)	(250, 0.0)
Fungus_2137_1	(1, 0.0)	(2, 0.007080147267063155)	(3, 0.0)	(4, 0.0)	(5, 0.0)	(6, 0.0)	(7, 0.0)	(8, 0.0)	(9, 0.0)	(10, 0.0)	(15, 0.0)	(20, 0.0)	(25, 0.0)	(30, 0.004956103086944208)	(35, 0.0035400736335315774)	(40, 0.02832058906825262)	(45, 0.11257434154630416)	(50, 0.0003540073633531577)	(55, 0.0)	(60, 0.03469272160860946)	(65, 0.10301614273576891)	(70, 0.0)	(75, 0.0)	(80, 0.0)	(85, 0.0)	(90, 0.0)	(95, 0.0)	(100, 0.0)	(105, 0.0)	(110, 0.0)	(115, 0.0)	(120, 0.04425092041914472)	(125, 0.041772868875672615)	(130, 0.11576040781648257)	(135, 0.10160011328235628)	(140, 0.21240441801189466)	(145, 0.1072642310960068)	(150, 0.11151231945624468)	(155, 0.0)	(160, 0.0)	(165, 0.0)	(170, 0.0)	(175, 0.0)	(180, 0.0)	(185, 0.0)	(190, 0.0)	(195, 0.0)	(200, 0.0)	(205, 0.0)	(210, 0.0)	(215, 0.0)	(220, 0.0)	(225, 0.0)	(230, 0.19521960430760932)	(235, 0.46640893623844226)	(240, 0.07652751056723335)	(245, 0.0)	(250, 0.0)
Fungus_2137_2	(1, 0.0)	(2, 0.0017700368167657887)	(3, 0.0)	(4, 0.0)	(5, 0.0)	(6, 0.0)	(7, 0.0)	(8, 0.0)	(9, 0.0)	(10, 0.0)	(15, 0.0)	(20, 0.0)	(25, 0.0)	(30, 0.09204191447182102)	(35, 0.06796941376380629)	(40, 0.23293684508637777)	(45, 0.10868026054941943)	(50, 0.0)	(55, 0.0)	(60, 0.12177853299348627)	(65, 0.1709855564995752)	(70, 0.05168507504956103)	(75, 0.0)	(80, 0.0)	(85, 0.0)	(90, 0.027258566978193146)	(95, 0.024426508071367887)	(100, 0.0)	(105, 0.0)	(110, 0.035046728971962614)	(115, 0.21311243273860098)	(120, 0.07717360521098839)	(125, 0.0007080147267063154)	(130, 0.038232795242141036)	(135, 0.224440668365902)	(140, 0.0)	(145, 0.0)	(150, 0.0)	(155, 0.0)	(160, 0.09027187765505522)	(165, 0.07717360521098839)	(170, 0.24851316907391674)	(175, 0.0)	(180, 0.11646842254318888)	(185, 0.08425375247805154)	(190, 0.15434721042197677)	(195, 0.0)	(200, 0.2757717360521099)	(205, 0.12036250354007365)	(210, 0.14974511469838572)	(215, 0.5490654205607477)	(220, 0.39192083694747837)	(225, 0.19381080947015597)	(230, 0.021630898852498547)	(235, 0.0)	(240, 0.0)	(245, 0.0)	(250, 0.0)
Fungus_2146_1	(1, 0.0)	(2, 0.008260503229856763)	(3, 0.0)	(4, 0.0)	(5, 0.0)	(6, 0.0)	(7, 0.0)	(8, 0.0)	(9, 0.0)	(10, 0.0)	(15, 0.0)	(20, 0.0)	(25, 0.0)	(30, 0.003634621421136976)	(35, 0.002643361033554164)	(40, 0.03238117266103851)	(45, 0.09615225759553273)	(50, 0.000660840258388541)	(55, 0.001321680516777082)	(60, 0.039980835632506734)	(65, 0.0987956186290869)	(70, 0.0)	(75, 0.0)	(80, 0.0003304201291942705)	(85, 0.0)	(90, 0.0)	(95, 0.0)	(100, 0.0)	(105, 0.0)	(110, 0.0)	(115, 0.0)	(120, 0.04691965834558642)	(125, 0.048571758991557766)	(130, 0.11102116340927488)	(135, 0.09846519849989262)	(140, 0.18966115415751128)	(145, 0.10474318095458376)	(150, 0.0974739381123098)	(155, 0.0)	(160, 0.0)	(165, 0.0)	(170, 0.0)	(175, 0.0)	(180, 0.0)	(185, 0.0)	(190, 0.0003304201291942705)	(195, 0.0003304201291942705)	(200, 0.0)	(205, 0.0)	(210, 0.0)	(215, 0.0)	(220, 0.0)	(225, 0.0)	(230, 0.2174674625050401)	(235, 0.4332950981627227)	(240, 0.07307234161820203)	(245, 0.0)	(250, 0.0)
Fungus_2146_2	(1, 0.0)	(2, 0.0)	(3, 0.0)	(4, 0.0)	(5, 0.0)	(6, 0.0)	(7, 0.0)	(8, 0.0)	(9, 0.0)	(10, 0.0)	(15, 0.0)	(20, 0.0)	(25, 0.0)	(30, 0.08029209139420773)	(35, 0.06806654661401973)	(40, 0.19527829635381388)	(45, 0.09218721604520147)	(50, 0.0)	(55, 0.0)	(60, 0.017181846718102065)	(65, 0.1301855309025426)	(70, 0.05881478299658015)	(75, 0.0)	(80, 0.0)	(85, 0.0)	(90, 0.01949478762246196)	(95, 0.036015794082175485)	(100, 0.0)	(105, 0.0)	(110, 0.03667663434056403)	(115, 0.20386921971286492)	(120, 0.07070990764757389)	(125, 0.0)	(130, 0.038328734986535384)	(135, 0.22997240991921228)	(140, 0.0)	(145, 0.0)	(150, 0.0)	(155, 0.0)	(160, 0.07533578945629368)	(165, 0.07698789010226502)	(170, 0.22600736836888105)	(175, 0.0)	(180, 0.09912603875828116)	(185, 0.08194419204017908)	(190, 0.15397578020453004)	(195, 0.0)	(200, 0.2431892150869831)	(205, 0.1030910803086124)	(210, 0.14373275619950768)	(215, 0.5375935501990782)	(220, 0.3761933726496179)	(225, 0.1750432644741588)	(230, 0.030468721539067854)	(235, 0.0)	(240, 0.0)	(245, 0.0)	(250, 0.0)
Fungus_2154_1	(1, 0.0)	(2, 0.020878411722279163)	(3, 0.0037960748585962115)	(4, 0.0)	(5, 0.0)	(6, 0.0018980374292981057)	(7, 0.0037960748585962115)	(8, 0.0037960748585962115)	(9, 0.0)	(10, 0.0)	(15, 0.0)	(20, 0.0)	(25, 0.0)	(30, 0.0015184299434384846)	(35, 0.0030368598868769693)	(40, 0.021637626693998407)	(45, 0.0683293474547318)	(50, 0.00037960748585962116)	(55, 0.00037960748585962116)	(60, 0.020498804236419543)	(65, 0.08009717951638007)	(70, 0.0)	(75, 0.0)	(80, 0.0)	(85, 0.0)	(90, 0.0)	(95, 0.0)	(100, 0.0)	(105, 0.0)	(110, 0.0)	(115, 0.0)	(120, 0.019359981778840678)	(125, 0.025054094066734995)	(130, 0.08655050677599363)	(135, 0.04896936567589113)	(140, 0.15298181680142733)	(145, 0.07971757203052043)	(150, 0.06681091751129332)	(155, 0.0)	(160, 0.0)	(165, 0.0)	(170, 0.0)	(175, 0.0)	(180, 0.0)	(185, 0.0)	(190, 0.0)	(195, 0.00037960748585962116)	(200, 0.0)	(205, 0.0)	(210, 0.0)	(215, 0.0)	(220, 0.0)	(225, 0.0)	(230, 0.13503746814256914)	(235, 0.3183500632130508)	(240, 0.06257607380924218)	(245, 0.0)	(250, 0.0)
Fungus_2154_2	(1, 0.0)	(2, 0.0)	(3, 0.0)	(4, 0.0)	(5, 0.0)	(6, 0.0)	(7, 0.0)	(8, 0.0)	(9, 0.0)	(10, 0.0)	(15, 0.0)	(20, 0.0)	(25, 0.0)	(30, 0.05845955282238166)	(35, 0.04858975819003151)	(40, 0.14273241468321757)	(45, 0.07022738488402992)	(50, 0.0)	(55, 0.0)	(60, 0.017461944349542572)	(65, 0.09186501157802832)	(70, 0.03340545875564666)	(75, 0.0)	(80, 0.0)	(85, 0.0)	(90, 0.010629009604069392)	(95, 0.01328626200508674)	(100, 0.0)	(105, 0.0)	(110, 0.023156056637436893)	(115, 0.13020536764985005)	(120, 0.0447936833314353)	(125, 0.0)	(130, 0.02543370155259462)	(135, 0.15905553657518126)	(140, 0.0)	(145, 0.0)	(150, 0.0)	(155, 0.0)	(160, 0.05656151539308355)	(165, 0.07212542231332801)	(170, 0.15905553657518126)	(175, 0.0)	(180, 0.07743992711536271)	(185, 0.047071328246593026)	(190, 0.09642030140834378)	(195, 0.0)	(200, 0.1742398360095661)	(205, 0.08768932923357249)	(210, 0.09983676878108036)	(215, 0.3796074858596211)	(220, 0.25931325648852643)	(225, 0.11357334407025593)	(230, 0.009498299804335024)	(235, 0.0)	(240, 0.0)	(245, 0.0)	(250, 0.0)
Fungus_2155_1	(1, 0.0)	(2, 0.012520659087494366)	(3, 0.0)	(4, 0.0)	(5, 0.0012520659087494367)	(6, 0.0)	(7, 0.0)	(8, 0.0)	(9, 0.0)	(10, 0.0)	(15, 0.0)	(20, 0.0)	(25, 0.0)	(30, 0.002754544999248761)	(35, 0.005509089998497522)	(40, 0.02704462362898783)	(45, 0.07712725997896529)	(50, 0.0005008263634997747)	(55, 0.00025041318174988733)	(60, 0.03180247408223569)	(65, 0.10041568588170481)	(70, 0.0)	(75, 0.0)	(80, 0.0)	(85, 0.0)	(90, 0.0)	(95, 0.0)	(100, 0.0)	(105, 0.0)	(110, 0.0)	(115, 0.0)	(120, 0.06285370861922172)	(125, 0.050583462713477245)	(130, 0.11694295587719739)	(135, 0.12119997996694547)	(140, 0.1617669154104272)	(145, 0.1104322131517003)	(150, 0.11719336905894726)	(155, 0.0)	(160, 0.0)	(165, 0.0)	(170, 0.0)	(175, 0.0)	(180, 0.0)	(185, 0.0)	(190, 0.0005008263634997747)	(195, 0.00025041318174988733)	(200, 0.0)	(205, 0.0)	(210, 0.0)	(215, 0.0)	(220, 0.0)	(225, 0.0)	(230, 0.20678609294596242)	(235, 0.4797925329935743)	(240, 0.10320928130179298)	(245, 0.0)	(250, 0.0)
Fungus_2155_2	(1, 0.0)	(2, 0.0012520659087494367)	(3, 0.0)	(4, 0.0)	(5, 0.0)	(6, 0.0)	(7, 0.0)	(8, 0.0)	(9, 0.0)	(10, 0.0)	(15, 0.0)	(20, 0.0)	(25, 0.0)	(30, 0.09615866179195673)	(35, 0.06861321179946912)	(40, 0.197826413582411)	(45, 0.09140081133870886)	(50, 0.0)	(55, 0.0)	(60, 0.13271898632744028)	(65, 0.17053137677167327)	(70, 0.04532478589672961)	(75, 0.0)	(80, 0.0)	(85, 0.0)	(90, 0.04282065407923073)	(95, 0.038814043171232535)	(100, 0.0)	(105, 0.0)	(110, 0.05634296589372464)	(115, 0.2213652526669004)	(120, 0.05158511544047678)	(125, 0.0)	(130, 0.04056693544348174)	(135, 0.26143136174688236)	(140, 0.0)	(145, 0.0)	(150, 0.0)	(155, 0.0)	(160, 0.051334702258726904)	(165, 0.07236940952571744)	(170, 0.23238343266389544)	(175, 0.0)	(180, 0.11669254269544749)	(185, 0.09140081133870886)	(190, 0.16427104722792607)	(195, 0.0)	(200, 0.22437021084789904)	(205, 0.09340411679270798)	(210, 0.12620824360194322)	(215, 0.5882205639304853)	(220, 0.35836639019112876)	(225, 0.16983414868754274)	(230, 0.021548700062140436)	(235, 0.0)	(240, 0.0)	(245, 0.0)	(250, 0.0)
Fungus_2156_1	(1, 0.0)	(2, 0.013565248846953846)	(3, 0.0)	(4, 0.0)	(5, 0.0)	(6, 0.0)	(7, 0.0)	(8, 0.0)	(9, 0.0)	(10, 0.0)	(15, 0.0)	(20, 0.0)	(25, 0.0)	(30, 0.0027130497693907693)	(35, 0.0036173996925210256)	(40, 0.026829047719530943)	(45, 0.10791909082687727)	(50, 0.0009043499231302564)	(55, 0.0006028999487535043)	(60, 0.03707834684834052)	(65, 0.11455099026316583)	(70, 0.0)	(75, 0.0)	(80, 0.0)	(85, 0.0)	(90, 0.0)	(95, 0.0)	(100, 0.0)	(105, 0.0)	(110, 0.0)	(115, 0.0)	(120, 0.04310734633587556)	(125, 0.0479305459259036)	(130, 0.12902058903324992)	(135, 0.12088143972507762)	(140, 0.21975703132065236)	(145, 0.11002924064751456)	(150, 0.10942634069876103)	(155, 0.0)	(160, 0.0)	(165, 0.0)	(170, 0.0)	(175, 0.0)	(180, 0.0)	(185, 0.0)	(190, 0.0)	(195, 0.0)	(200, 0.0)	(205, 0.0)	(210, 0.0)	(215, 0.0)	(220, 0.0)	(225, 0.0)	(230, 0.21877942206020812)	(235, 0.5005032315956686)	(240, 0.06756921278823444)	(245, 0.0)	(250, 0.0)
Fungus_2156_2	(1, 0.0)	(2, 0.001507249871883761)	(3, 0.0)	(4, 0.0)	(5, 0.0)	(6, 0.0)	(7, 0.0)	(8, 0.0)	(9, 0.0)	(10, 0.0)	(15, 0.0)	(20, 0.0)	(25, 0.0)	(30, 0.09706689174931421)	(35, 0.07053929400416001)	(40, 0.22910198052633166)	(45, 0.11696259005817984)	(50, 0.0)	(55, 0.0)	(60, 0.03376239713019624)	(65, 0.17001778554848823)	(70, 0.05245229554155488)	(75, 0.0)	(80, 0.0)	(85, 0.0)	(90, 0.023513098001386668)	(95, 0.03074789738642872)	(100, 0.0)	(105, 0.0)	(110, 0.03557109697645675)	(115, 0.21011063214059628)	(120, 0.06662044433726223)	(125, 0.0)	(130, 0.034365297078949746)	(135, 0.2149338317306243)	(140, 0.0)	(145, 0.0)	(150, 0.0)	(155, 0.0)	(160, 0.07566394356856479)	(165, 0.09224369215928617)	(170, 0.24749042896331352)	(175, 0.0)	(180, 0.1184698399300636)	(185, 0.0964639918005607)	(190, 0.15735688662466463)	(195, 0.0)	(200, 0.28095137611913307)	(205, 0.11605824013504959)	(210, 0.15615108672715763)	(215, 0.5362795044162422)	(220, 0.36998395831574377)	(225, 0.17281262346451612)	(230, 0.025949573340736002)	(235, 0.0)	(240, 0.0)	(245, 0.0)	(250, 0.0)
Fungus_21_1	(1, 0.0)	(2, 0.015499070055796652)	(3, 0.0)	(4, 0.0)	(5, 0.0)	(6, 0.0)	(7, 0.0)	(8, 0.0)	(9, 0.0)	(10, 0.0)	(15, 0.0)	(20, 0.0)	(25, 0.0)	(30, 0.0043397396156230625)	(35, 0.0049597024178549285)	(40, 0.03130812151270924)	(45, 0.09237445753254805)	(50, 0.00030998140111593303)	(55, 0.0006199628022318661)	(60, 0.0347179169249845)	(65, 0.10508369497830129)	(70, 0.0)	(75, 0.0)	(80, 0.00030998140111593303)	(85, 0.0)	(90, 0.0)	(95, 0.0)	(100, 0.0)	(105, 0.0)	(110, 0.0)	(115, 0.0)	(120, 0.036267823930564165)	(125, 0.04215747055176689)	(130, 0.11717296962182269)	(135, 0.0967141971481711)	(140, 0.18536887786732795)	(145, 0.12244265344079355)	(150, 0.09702417854928705)	(155, 0.0)	(160, 0.0)	(165, 0.0)	(170, 0.0)	(175, 0.0)	(180, 0.0)	(185, 0.0)	(190, 0.00030998140111593303)	(195, 0.0)	(200, 0.0)	(205, 0.0)	(210, 0.0)	(215, 0.0)	(220, 0.0)	(225, 0.0)	(230, 0.20270249296128784)	(235, 0.4422813518155587)	(240, 0.07844699846841574)	(245, 0.0)	(250, 0.0)
Fungus_21_2	(1, 0.0)	(2, 0.0)	(3, 0.0)	(4, 0.0)	(5, 0.0)	(6, 0.0)	(7, 0.0)	(8, 0.0)	(9, 0.0)	(10, 0.0)	(15, 0.0)	(20, 0.0)	(25, 0.0)	(30, 0.07904525728456294)	(35, 0.07563546187228766)	(40, 0.21047737135771855)	(45, 0.10012399256044636)	(50, 0.0)	(55, 0.0)	(60, 0.02665840049597024)	(65, 0.13670179789212647)	(70, 0.05517668939863608)	(75, 0.0)	(80, 0.0)	(85, 0.0)	(90, 0.02138871667699938)	(95, 0.02231866088034718)	(100, 0.0)	(105, 0.0)	(110, 0.02944823310601364)	(115, 0.20458772473651582)	(120, 0.06137631742095474)	(125, 0.0)	(130, 0.04339739615623063)	(135, 0.21636701797892124)	(140, 0.0)	(145, 0.0)	(150, 0.0)	(155, 0.0)	(160, 0.07346559206447613)	(165, 0.0805951642901426)	(170, 0.2365158090514569)	(175, 0.0)	(180, 0.09981401115933045)	(185, 0.10384376937383757)	(190, 0.14662120272783633)	(195, 0.0)	(200, 0.26131432114073155)	(205, 0.10353378797272163)	(210, 0.1577805331680099)	(215, 0.5585864848109113)	(220, 0.3757114337793098)	(225, 0.16804429920566513)	(230, 0.03411180609608985)	(235, 0.0)	(240, 0.0)	(245, 0.0)	(250, 0.0)
Fungus_23_1	(1, 0.0)	(2, 0.009388202159286497)	(3, 0.0031294007197621657)	(4, 0.004694101079643249)	(5, 0.004694101079643249)	(6, 0.004694101079643249)	(7, 0.0031294007197621657)	(8, 0.0015647003598810829)	(9, 0.0062588014395243315)	(10, 0.0)	(15, 0.0)	(20, 0.0)	(25, 0.0)	(30, 0.0006258801439524331)	(35, 0.0012517602879048662)	(40, 0.011578782663120013)	(45, 0.021279924894382726)	(50, 0.00031294007197621654)	(55, 0.00031294007197621654)	(60, 0.008762322015334063)	(65, 0.05163511187607572)	(70, 0.0)	(75, 0.0)	(80, 0.0)	(85, 0.00031294007197621654)	(90, 0.0)	(95, 0.0)	(100, 0.0)	(105, 0.0)	(110, 0.0)	(115, 0.0)	(120, 0.03473634798936004)	(125, 0.019402284462525426)	(130, 0.06008449381943358)	(135, 0.06102331403536222)	(140, 0.061649194179314665)	(145, 0.04130808950086059)	(150, 0.04412455014864654)	(155, 0.0)	(160, 0.0)	(165, 0.0)	(170, 0.0)	(175, 0.0)	(180, 0.0)	(185, 0.0)	(190, 0.0)	(195, 0.0)	(200, 0.0)	(205, 0.0)	(210, 0.0)	(215, 0.0)	(220, 0.0)	(225, 0.0)	(230, 0.05667052819437052)	(235, 0.1881945555315085)	(240, 0.03347597467195124)	(245, 0.0)	(250, 0.0)
Fungus_23_2	(1, 0.0)	(2, 0.0031294007197621657)	(3, 0.0)	(4, 0.0)	(5, 0.0)	(6, 0.0)	(7, 0.0)	(8, 0.0)	(9, 0.0)	(10, 0.0)	(15, 0.0)	(20, 0.0)	(25, 0.0)	(30, 0.032545767485526525)	(35, 0.023783445470192458)	(40, 0.06603035518698169)	(45, 0.04005632921295572)	(50, 0.0)	(55, 0.0)	(60, 0.054764512595837894)	(65, 0.06853387576279142)	(70, 0.02284462525426381)	(75, 0.0)	(80, 0.0)	(85, 0.0)	(90, 0.02159286496635894)	(95, 0.023783445470192458)	(100, 0.0)	(105, 0.0)	(110, 0.02284462525426381)	(115, 0.09356908152088875)	(120, 0.015021123454858395)	(125, 0.0)	(130, 0.013769363166953529)	(135, 0.0926302613049601)	(140, 0.0)	(145, 0.0)	(150, 0.0)	(155, 0.0)	(160, 0.014708183382882177)	(165, 0.025661085902049758)	(170, 0.09763730245657957)	(175, 0.00031294007197621654)	(180, 0.04036926928493194)	(185, 0.03504928806133625)	(190, 0.0622750743232671)	(195, 0.0)	(200, 0.07698325770614926)	(205, 0.03536222813331247)	(210, 0.03692692849319355)	(215, 0.21530276951963698)	(220, 0.12549682345945606)	(225, 0.06042106910855444)	(230, 0.0065761249087954105)	(235, 0.0)	(240, 0.0)	(245, 0.0)	(250, 0.0)
Fungus_26_1	(1, 0.0)	(2, 0.01959247648902821)	(3, 0.0)	(4, 0.0)	(5, 0.003562268452550584)	(6, 0.005343402678825876)	(7, 0.001781134226275292)	(8, 0.0)	(9, 0.001781134226275292)	(10, 0.0)	(15, 0.0)	(20, 0.0)	(25, 0.0)	(30, 0.001781134226275292)	(35, 0.0032060416072955257)	(40, 0.02244229125106868)	(45, 0.06839555428897122)	(50, 0.0010686805357651753)	(55, 0.0003562268452550584)	(60, 0.015673981191222573)	(65, 0.07658877172983755)	(70, 0.0)	(75, 0.0)	(80, 0.0)	(85, 0.0)	(90, 0.0)	(95, 0.0)	(100, 0.0)	(105, 0.0)	(110, 0.0)	(115, 0.0)	(120, 0.02457965232259903)	(125, 0.02244229125106868)	(130, 0.08549444286121402)	(135, 0.05414648047876888)	(140, 0.12432316899401538)	(145, 0.08086349387289826)	(150, 0.08121972071815332)	(155, 0.0)	(160, 0.0)	(165, 0.0)	(170, 0.0)	(175, 0.0)	(180, 0.0)	(185, 0.0)	(190, 0.0)	(195, 0.0007124536905101168)	(200, 0.0)	(205, 0.0)	(210, 0.0)	(215, 0.0)	(220, 0.0)	(225, 0.0)	(230, 0.12201778890922518)	(235, 0.2866261387313398)	(240, 0.04475859006860597)	(245, 0.0)	(250, 0.0)
Fungus_26_2	(1, 0.0)	(2, 0.0)	(3, 0.0)	(4, 0.0)	(5, 0.0)	(6, 0.0)	(7, 0.0)	(8, 0.0)	(9, 0.0)	(10, 0.0)	(15, 0.0)	(20, 0.0)	(25, 0.0)	(30, 0.06447705899116558)	(35, 0.05699629524080935)	(40, 0.14106583072100312)	(45, 0.06483328583642063)	(50, 0.0)	(55, 0.0)	(60, 0.007836990595611286)	(65, 0.08406953548019379)	(70, 0.03918495297805642)	(75, 0.0)	(80, 0.0)	(85, 0.0)	(90, 0.014249073810202337)	(95, 0.017098888572242805)	(100, 0.0)	(105, 0.0)	(110, 0.02066115702479339)	(115, 0.13679110857794244)	(120, 0.047021943573667714)	(125, 0.0)	(130, 0.028141920775149615)	(135, 0.15638358506697064)	(140, 0.0)	(145, 0.0)	(150, 0.0)	(155, 0.0)	(160, 0.054858934169279)	(165, 0.058421202621829586)	(170, 0.1652892561983471)	(175, 0.0)	(180, 0.08513821601595896)	(185, 0.05414648047876888)	(190, 0.0933314334568253)	(195, 0.0)	(200, 0.16350812197207182)	(205, 0.07552009119407238)	(210, 0.09012539184952978)	(215, 0.35088344257623255)	(220, 0.2497337005119363)	(225, 0.12542044353229576)	(230, 0.01248087751266809)	(235, 0.0)	(240, 0.0)	(245, 0.0)	(250, 0.0)
Fungus_42_1	(1, 0.0)	(2, 0.02337131171487)	(3, 0.0)	(4, 0.0)	(5, 0.0)	(6, 0.0)	(7, 0.0)	(8, 0.0)	(9, 0.0)	(10, 0.0)	(15, 0.0)	(20, 0.0)	(25, 0.0)	(30, 0.0027266530334014998)	(35, 0.0035056967572304996)	(40, 0.024929399162527996)	(45, 0.08063102541630149)	(50, 0.0)	(55, 0.0011685655857434998)	(60, 0.03856266432953549)	(65, 0.11607751485052098)	(70, 0.0)	(75, 0.0)	(80, 0.00038952186191449994)	(85, 0.0)	(90, 0.0)	(95, 0.0)	(100, 0.0)	(105, 0.0)	(110, 0.0)	(115, 0.0)	(120, 0.09192715941182199)	(125, 0.05842827928717499)	(130, 0.14022787028921999)	(135, 0.16749440062323498)	(140, 0.22163793942935045)	(145, 0.09971759665011198)	(150, 0.09738046547862499)	(155, 0.0)	(160, 0.0)	(165, 0.0)	(170, 0.0)	(175, 0.0)	(180, 0.0)	(185, 0.0)	(190, 0.0)	(195, 0.0)	(200, 0.0)	(205, 0.0)	(210, 0.0)	(215, 0.0)	(220, 0.0)	(225, 0.0003895355178485174)	(230, 0.24581989310146013)	(235, 0.4676320670896139)	(240, 0.07330034817665385)	(245, 0.0)	(250, 0.0)
Fungus_42_2	(1, 0.0)	(2, 0.0019476093095725)	(3, 0.0)	(4, 0.0)	(5, 0.0)	(6, 0.0)	(7, 0.0)	(8, 0.0)	(9, 0.0)	(10, 0.0)	(15, 0.0)	(20, 0.0)	(25, 0.0)	(30, 0.0798519816924725)	(35, 0.056091148115687994)	(40, 0.21501606777680396)	(45, 0.11179277436946149)	(50, 0.0)	(55, 0.0)	(60, 0.038173142467621)	(65, 0.1741162722757815)	(70, 0.047521667153568994)	(75, 0.0)	(80, 0.0)	(85, 0.0)	(90, 0.04985879832505599)	(95, 0.0627130197682345)	(100, 0.0)	(105, 0.0)	(110, 0.05687019183951699)	(115, 0.22436459246275198)	(120, 0.04830071087739799)	(125, 0.0)	(130, 0.038173142467621)	(135, 0.23721881390593047)	(140, 0.0)	(145, 0.0)	(150, 0.0)	(155, 0.0)	(160, 0.07517771934949849)	(165, 0.074009153763755)	(170, 0.24150355438699)	(175, 0.0)	(180, 0.09426429058330899)	(185, 0.11179277436946149)	(190, 0.15230304800856947)	(195, 0.0)	(200, 0.24306164183464798)	(205, 0.09153763754990749)	(210, 0.15931444152303048)	(215, 0.542214431784984)	(220, 0.3381207807941164)	(225, 0.14103987688231742)	(230, 0.01714544009227364)	(235, 0.0)	(240, 0.0)	(245, 0.0)	(250, 0.0)
Fungus_45_1	(1, 0.0)	(2, 0.014736221632773355)	(3, 0.014736221632773355)	(4, 0.0)	(5, 0.007368110816386678)	(6, 0.004420866489832007)	(7, 0.004420866489832007)	(8, 0.0014736221632773356)	(9, 0.0029472443265546712)	(10, 0.0002947244326554671)	(15, 0.0)	(20, 0.0)	(25, 0.0)	(30, 0.0014736221632773356)	(35, 0.0011788977306218685)	(40, 0.008841732979664015)	(45, 0.03094606542882405)	(50, 0.0)	(55, 0.0002947244326554671)	(60, 0.009136457412319481)	(65, 0.03418803418803419)	(70, 0.0)	(75, 0.0)	(80, 0.0)	(85, 0.0)	(90, 0.0)	(95, 0.0)	(100, 0.0)	(105, 0.0)	(110, 0.0)	(115, 0.0)	(120, 0.015620394930739757)	(125, 0.01031535514294135)	(130, 0.04185086943707634)	(135, 0.022104332449160033)	(140, 0.05747126436781609)	(145, 0.03183023872679045)	(150, 0.02564102564102564)	(155, 0.0)	(160, 0.0)	(165, 0.0)	(170, 0.0)	(175, 0.0)	(180, 0.0)	(185, 0.0)	(190, 0.0)	(195, 0.0)	(200, 0.0)	(205, 0.0)	(210, 0.0)	(215, 0.0)	(220, 0.0)	(225, 0.0)	(230, 0.053437728807954846)	(235, 0.13618371775628443)	(240, 0.02097868565537414)	(245, 0.0)	(250, 0.0)
Fungus_45_2	(1, 0.0)	(2, 0.0)	(3, 0.0)	(4, 0.0)	(5, 0.0)	(6, 0.0)	(7, 0.0)	(8, 0.0)	(9, 0.0)	(10, 0.0)	(15, 0.0)	(20, 0.0)	(25, 0.0)	(30, 0.022399056881815503)	(35, 0.017094017094017096)	(40, 0.04921898025346301)	(45, 0.030356616563513118)	(50, 0.0)	(55, 0.0)	(60, 0.0017683465959328027)	(65, 0.042735042735042736)	(70, 0.015915119363395226)	(75, 0.0)	(80, 0.0)	(85, 0.0)	(90, 0.007368110816386678)	(95, 0.009431181844974948)	(100, 0.0)	(105, 0.0)	(110, 0.011788977306218685)	(115, 0.05363984674329502)	(120, 0.022988505747126436)	(125, 0.0)	(130, 0.015620394930739757)	(135, 0.06542882404951371)	(140, 0.0)	(145, 0.0)	(150, 0.0)	(155, 0.0)	(160, 0.019451812555260833)	(165, 0.026230474506336577)	(170, 0.06513409961685823)	(175, 0.0)	(180, 0.02770409666961391)	(185, 0.0215148835838491)	(190, 0.04185086943707634)	(195, 0.0)	(200, 0.07279693486590039)	(205, 0.03359858532272325)	(210, 0.03743000294724432)	(215, 0.15384615384615385)	(220, 0.10670471092455801)	(225, 0.06162701209245821)	(230, 0.00737709029853609)	(235, 0.0)	(240, 0.0)	(245, 0.0)	(250, 0.0)
Fungus_4_1	(1, 0.0)	(2, 0.027565813379443423)	(3, 0.0)	(4, 0.0)	(5, 0.0)	(6, 0.0)	(7, 0.0)	(8, 0.0)	(9, 0.0)	(10, 0.0)	(15, 0.0)	(20, 0.0)	(25, 0.0)	(30, 0.0017541881241463994)	(35, 0.0032577779448433133)	(40, 0.024308035434600108)	(45, 0.08620581638662307)	(50, 0.0005011966068989713)	(55, 0.0012529915172474282)	(60, 0.02806700998634239)	(65, 0.113521031462617)	(70, 0.0)	(75, 0.0)	(80, 0.000751794910348457)	(85, 0.0)	(90, 0.0)	(95, 0.0)	(100, 0.00025059830344948563)	(105, 0.0)	(110, 0.0)	(115, 0.0)	(120, 0.07593128594519415)	(125, 0.05763760979338169)	(130, 0.13206530591787893)	(135, 0.14910599055244395)	(140, 0.1881993258905637)	(145, 0.1293087245799346)	(150, 0.11427282637296546)	(155, 0.0)	(160, 0.0)	(165, 0.0)	(170, 0.0)	(175, 0.0)	(180, 0.0)	(185, 0.0)	(190, 0.0005011966068989713)	(195, 0.00025059830344948563)	(200, 0.0)	(205, 0.0)	(210, 0.0)	(215, 0.0)	(220, 0.0)	(225, 0.0)	(230, 0.2294970127765878)	(235, 0.48107809676771734)	(240, 0.11663021972300323)	(245, 0.0)	(250, 0.0)
Fungus_4_2	(1, 0.0)	(2, 0.0025059830344948564)	(3, 0.0)	(4, 0.0)	(5, 0.0012529915172474282)	(6, 0.0)	(7, 0.0)	(8, 0.0)	(9, 0.0)	(10, 0.0)	(15, 0.0)	(20, 0.0)	(25, 0.0)	(30, 0.08620581638662307)	(35, 0.0734253029106993)	(40, 0.23004924256662782)	(45, 0.10399829593153655)	(50, 0.0)	(55, 0.0)	(60, 0.03508376248292799)	(65, 0.16439248706286258)	(70, 0.047613677655402274)	(75, 0.0)	(80, 0.0)	(85, 0.0)	(90, 0.05112205390369508)	(95, 0.05488102845543736)	(100, 0.0)	(105, 0.0)	(110, 0.05262564372439199)	(115, 0.244583944166698)	(120, 0.05713641318648273)	(125, 0.0)	(130, 0.04285230988986204)	(135, 0.22328308837349173)	(140, 0.0)	(145, 0.0)	(150, 0.0)	(155, 0.0)	(160, 0.07066872157275496)	(165, 0.06816273853826009)	(170, 0.2478417221115413)	(175, 0.0)	(180, 0.10875966369707678)	(185, 0.11452342467641495)	(190, 0.16940445313185232)	(195, 0.0)	(200, 0.24633813229084442)	(205, 0.09948752646944581)	(210, 0.14785299903519653)	(215, 0.568106353919984)	(220, 0.38592525580078235)	(225, 0.16841176676975206)	(230, 0.022809189847654666)	(235, 0.0)	(240, 0.0)	(245, 0.0)	(250, 0.0)
Fungus_70_1	(1, 0.0)	(2, 0.015171974329019434)	(3, 0.0)	(4, 0.0)	(5, 0.0)	(6, 0.0)	(7, 0.0)	(8, 0.0)	(9, 0.0)	(10, 0.0)	(15, 0.0)	(20, 0.0)	(25, 0.0)	(30, 0.0018206369194823321)	(35, 0.005158471271866608)	(40, 0.04339184658099558)	(45, 0.096797196219144)	(50, 0.001213757946321555)	(55, 0.0015171974329019435)	(60, 0.028826751225136928)	(65, 0.10013503057152828)	(70, 0.0)	(75, 0.0)	(80, 0.0009103184597411661)	(85, 0.0)	(90, 0.0)	(95, 0.0)	(100, 0.0)	(105, 0.0)	(110, 0.0)	(115, 0.0)	(120, 0.04035745171519169)	(125, 0.03610929890306626)	(130, 0.10954165465552033)	(135, 0.07980458497064223)	(140, 0.1850980868140371)	(145, 0.11530700490054771)	(150, 0.12137579463215548)	(155, 0.0)	(160, 0.0)	(165, 0.0)	(170, 0.0)	(175, 0.0)	(180, 0.0)	(185, 0.0)	(190, 0.0)	(195, 0.0)	(200, 0.0)	(205, 0.0)	(210, 0.0)	(215, 0.0)	(220, 0.0)	(225, 0.0)	(230, 0.16814935547805712)	(235, 0.4627577202198403)	(240, 0.08329381437031093)	(245, 0.0)	(250, 0.0)
Fungus_70_2	(1, 0.0)	(2, 0.0015171974329019435)	(3, 0.0)	(4, 0.0)	(5, 0.0)	(6, 0.0)	(7, 0.0)	(8, 0.0)	(9, 0.0)	(10, 0.0)	(15, 0.0)	(20, 0.0)	(25, 0.0)	(30, 0.09376280135334011)	(35, 0.0886043300814735)	(40, 0.2105870036867898)	(45, 0.09801095416546554)	(50, 0.0)	(55, 0.0)	(60, 0.017296050735082155)	(65, 0.1180379602797712)	(70, 0.05006751528576414)	(75, 0.0)	(80, 0.0)	(85, 0.0)	(90, 0.02761299327881537)	(95, 0.02063388508746643)	(100, 0.0)	(105, 0.0)	(110, 0.03550241992990548)	(115, 0.19480815038460955)	(120, 0.06827388448058745)	(125, 0.0)	(130, 0.03732305684938781)	(135, 0.2418412708045698)	(140, 0.0)	(145, 0.0)	(150, 0.0)	(155, 0.0)	(160, 0.07494955318535601)	(165, 0.08678369316199117)	(170, 0.24396534721063254)	(175, 0.0)	(180, 0.12562394744428093)	(185, 0.08951464854121467)	(190, 0.1377615269074965)	(195, 0.0)	(200, 0.263082034865197)	(205, 0.1234998710382182)	(210, 0.13715464793433568)	(215, 0.5167574456464019)	(220, 0.3872052339466106)	(225, 0.1687364191461209)	(230, 0.030654922694962276)	(235, 0.0)	(240, 0.0)	(245, 0.0)	(250, 0.0)
Fungus_71_1	(1, 0.0)	(2, 0.01839621773763314)	(3, 0.0)	(4, 0.0)	(5, 0.001839621773763314)	(6, 0.0128773524163432)	(7, 0.0)	(8, 0.003679243547526628)	(9, 0.001839621773763314)	(10, 0.0)	(15, 0.0)	(20, 0.0)	(25, 0.0)	(30, 0.0014716974190106516)	(35, 0.002207546128515977)	(40, 0.02170753693040711)	(45, 0.08646222336687577)	(50, 0.0003679243547526629)	(55, 0.0003679243547526629)	(60, 0.014716974190106513)	(65, 0.06806600562924263)	(70, 0.0)	(75, 0.0)	(80, 0.0003679243547526629)	(85, 0.0)	(90, 0.0)	(95, 0.0)	(100, 0.0)	(105, 0.0)	(110, 0.0)	(115, 0.0)	(120, 0.049301863536856824)	(125, 0.029433948380213026)	(130, 0.08499052594786512)	(135, 0.08535845030261778)	(140, 0.127669751099174)	(145, 0.06843392998399529)	(150, 0.06880185433874796)	(155, 0.0)	(160, 0.0)	(165, 0.0)	(170, 0.0)	(175, 0.0)	(180, 0.0)	(185, 0.0)	(190, 0.0)	(195, 0.0)	(200, 0.0)	(205, 0.0)	(210, 0.0)	(215, 0.0)	(220, 0.0)	(225, 0.0)	(230, 0.13245228581653698)	(235, 0.32883530091392515)	(240, 0.06424248344159382)	(245, 0.0)	(250, 0.0)
Fungus_71_2	(1, 0.0)	(2, 0.0)	(3, 0.0)	(4, 0.0)	(5, 0.0)	(6, 0.0)	(7, 0.0)	(8, 0.0)	(9, 0.0)	(10, 0.0)	(15, 0.0)	(20, 0.0)	(25, 0.0)	(30, 0.05298110708438345)	(35, 0.04120752773229824)	(40, 0.14091502787026988)	(45, 0.06953770304825328)	(50, 0.0)	(55, 0.0)	(60, 0.09161316433341304)	(65, 0.11148107949005685)	(70, 0.028330175315955042)	(75, 0.0)	(80, 0.0)	(85, 0.0)	(90, 0.025386780477933735)	(95, 0.03899998160378226)	(100, 0.0)	(105, 0.0)	(110, 0.03458488934675031)	(115, 0.17108482495998822)	(120, 0.05555657756765209)	(125, 0.0)	(130, 0.026490553542191726)	(135, 0.18175463124781543)	(140, 0.0)	(145, 0.0)	(150, 0.0)	(155, 0.0)	(160, 0.05371695579388878)	(165, 0.052245258374878124)	(170, 0.14716974190106513)	(175, 0.0)	(180, 0.06990562740300593)	(185, 0.05702827498666274)	(190, 0.09566033223569234)	(195, 0.0)	(200, 0.19279236189039534)	(205, 0.09087731562390772)	(210, 0.11184900384480952)	(215, 0.356886624110083)	(220, 0.2903115421834813)	(225, 0.13366128830334853)	(230, 0.017710151237312337)	(235, 0.0)	(240, 0.0)	(245, 0.0)	(250, 0.0)
Fungus_72_1	(1, 0.0)	(2, 0.01510431416973473)	(3, 0.0018880392712168413)	(4, 0.0)	(5, 0.0)	(6, 0.0)	(7, 0.0018880392712168413)	(8, 0.0018880392712168413)	(9, 0.0037760785424336826)	(10, 0.0003776078542433683)	(15, 0.0)	(20, 0.0)	(25, 0.0)	(30, 0.005286509959407156)	(35, 0.002643254979703578)	(40, 0.02454451052581894)	(45, 0.08873784574719154)	(50, 0.0)	(55, 0.0003776078542433683)	(60, 0.024922118380062305)	(65, 0.07061266874350985)	(70, 0.0)	(75, 0.0)	(80, 0.0007552157084867366)	(85, 0.0)	(90, 0.0)	(95, 0.0)	(100, 0.0)	(105, 0.0)	(110, 0.0)	(115, 0.0)	(120, 0.04304729538374398)	(125, 0.03813839327858019)	(130, 0.08647219862173133)	(135, 0.10195412064570944)	(140, 0.16388180874162184)	(145, 0.08722741433021806)	(150, 0.08118568866232417)	(155, 0.0)	(160, 0.0)	(165, 0.0)	(170, 0.0)	(175, 0.0)	(180, 0.0)	(185, 0.0)	(190, 0.0)	(195, 0.0)	(200, 0.0)	(205, 0.0)	(210, 0.0)	(215, 0.0)	(220, 0.0)	(225, 0.0)	(230, 0.16861159956457863)	(235, 0.36870291229593743)	(240, 0.06981268836073704)	(245, 0.0)	(250, 0.0)
Fungus_72_2	(1, 0.0)	(2, 0.0018880392712168413)	(3, 0.0)	(4, 0.0)	(5, 0.0)	(6, 0.0)	(7, 0.0)	(8, 0.0)	(9, 0.0)	(10, 0.0)	(15, 0.0)	(20, 0.0)	(25, 0.0)	(30, 0.06268290380439913)	(35, 0.057018785990748604)	(40, 0.18578306428773717)	(45, 0.09855564995751911)	(50, 0.0)	(55, 0.0)	(60, 0.0237892948173322)	(65, 0.11743604266968753)	(70, 0.035872746153119986)	(75, 0.0)	(80, 0.0)	(85, 0.0)	(90, 0.027942981214009253)	(95, 0.029075804776739357)	(100, 0.0)	(105, 0.0)	(110, 0.03285188331917304)	(115, 0.1880487114131974)	(120, 0.046823373926177664)	(125, 0.0)	(130, 0.03549513829887662)	(135, 0.18653827999622394)	(140, 0.0)	(145, 0.0)	(150, 0.0)	(155, 0.0)	(160, 0.07816482582837724)	(165, 0.061550080241669025)	(170, 0.17067875011800246)	(175, 0.0003776078542433683)	(180, 0.08420655149627113)	(185, 0.0868498064759747)	(190, 0.1427357689039932)	(195, 0.0)	(200, 0.23373926177664497)	(205, 0.07967525724535071)	(210, 0.14802227886340036)	(215, 0.45917115075993586)	(220, 0.3188190097723315)	(225, 0.14705382018606655)	(230, 0.023837451284573763)	(235, 0.0)	(240, 0.0)	(245, 0.0)	(250, 0.0)
Fungus_76_1	(1, 0.0)	(2, 0.01539379245319325)	(3, 0.0)	(4, 0.0019242240566491563)	(5, 0.0)	(6, 0.0019242240566491563)	(7, 0.0)	(8, 0.0)	(9, 0.0)	(10, 0.0)	(15, 0.0)	(20, 0.0)	(25, 0.0)	(30, 0.0019242240566491563)	(35, 0.0015393792453193248)	(40, 0.02693913679308819)	(45, 0.08081741037926457)	(50, 0.0007696896226596624)	(55, 0.0019242240566491563)	(60, 0.017702861321172235)	(65, 0.07850834151128558)	(70, 0.0)	(75, 0.0)	(80, 0.0015393792453193248)	(85, 0.0)	(90, 0.0)	(95, 0.0)	(100, 0.0)	(105, 0.0)	(110, 0.0)	(115, 0.0)	(120, 0.04579653254824992)	(125, 0.02539975754776886)	(130, 0.08966884103985068)	(135, 0.08505070330389271)	(140, 0.15855606226789049)	(145, 0.09890511651176664)	(150, 0.09505666839846831)	(155, 0.0)	(160, 0.0)	(165, 0.0)	(170, 0.0)	(175, 0.0)	(180, 0.0)	(185, 0.0)	(190, 0.0007696896226596624)	(195, 0.0)	(200, 0.0)	(205, 0.0)	(210, 0.0)	(215, 0.0)	(220, 0.0)	(225, 0.0)	(230, 0.14243917462272868)	(235, 0.41283962027997606)	(240, 0.07583261111798936)	(245, 0.0)	(250, 0.0)
Fungus_76_2	(1, 0.0)	(2, 0.0038484481132983125)	(3, 0.0)	(4, 0.0)	(5, 0.0)	(6, 0.0)	(7, 0.0)	(8, 0.0)	(9, 0.0)	(10, 0.0)	(15, 0.0)	(20, 0.0)	(25, 0.0)	(30, 0.07581442783197676)	(35, 0.06234485943543266)	(40, 0.18434066462698917)	(45, 0.09582635802112799)	(50, 0.0)	(55, 0.0)	(60, 0.014624102830533588)	(65, 0.09813542688910697)	(70, 0.03463603301968481)	(75, 0.0)	(80, 0.0)	(85, 0.0)	(90, 0.030017895283726836)	(95, 0.02501491273643903)	(100, 0.0)	(105, 0.0)	(110, 0.03040274009505667)	(115, 0.17895283726837152)	(120, 0.050414670284207895)	(125, 0.0)	(130, 0.03732994669899363)	(135, 0.21204949104273704)	(140, 0.0)	(145, 0.0)	(150, 0.0)	(155, 0.0)	(160, 0.07619927264330659)	(165, 0.07966287594527506)	(170, 0.18434066462698917)	(175, 0.0)	(180, 0.09852027170043678)	(185, 0.07465989339798726)	(190, 0.12122611556889686)	(195, 0.0)	(200, 0.2424522311377937)	(205, 0.10506263349304393)	(210, 0.13738959764474976)	(215, 0.4910619792568647)	(220, 0.35101494122809046)	(225, 0.14397739477908708)	(230, 0.023104025876508984)	(235, 0.0)	(240, 0.0)	(245, 0.0)	(250, 0.0)
Fungus_79_1	(1, 0.0)	(2, 0.02188515344859514)	(3, 0.0)	(4, 0.0)	(5, 0.0)	(6, 0.0)	(7, 0.0)	(8, 0.0)	(9, 0.0)	(10, 0.0)	(15, 0.0)	(20, 0.0)	(25, 0.0)	(30, 0.0020201680106395514)	(35, 0.0037036413528391777)	(40, 0.03669971885995185)	(45, 0.0973047591791384)	(50, 0.0010100840053197757)	(55, 0.0010100840053197757)	(60, 0.03265938283867275)	(65, 0.10033501119509772)	(70, 0.0)	(75, 0.0)	(80, 0.0)	(85, 0.0003366946684399253)	(90, 0.0)	(95, 0.0)	(100, 0.0)	(105, 0.0)	(110, 0.0)	(115, 0.0)	(120, 0.05286106294506827)	(125, 0.05420784161882797)	(130, 0.11514957660645445)	(135, 0.0959579805053787)	(140, 0.18215181562599958)	(145, 0.12121008063837309)	(150, 0.10841568323765594)	(155, 0.0)	(160, 0.0)	(165, 0.0)	(170, 0.0)	(175, 0.0)	(180, 0.0)	(185, 0.0)	(190, 0.0006733893368798506)	(195, 0.0006733893368798506)	(200, 0.0)	(205, 0.0)	(210, 0.0)	(215, 0.0)	(220, 0.0)	(225, 0.0)	(230, 0.16616872568934588)	(235, 0.44211381614210454)	(240, 0.08474488331148414)	(245, 0.0)	(250, 0.0)
Fungus_79_2	(1, 0.0)	(2, 0.0016834733421996263)	(3, 0.0)	(4, 0.0)	(5, 0.0)	(6, 0.0)	(7, 0.0)	(8, 0.0)	(9, 0.0)	(10, 0.0)	(15, 0.0)	(20, 0.0)	(25, 0.0)	(30, 0.08888739246814027)	(35, 0.08249019376778169)	(40, 0.20740391575899395)	(45, 0.08585714045218094)	(50, 0.0)	(55, 0.0)	(60, 0.09831484318445817)	(65, 0.14343192875540817)	(70, 0.04175013888655073)	(75, 0.0)	(80, 0.0)	(85, 0.0)	(90, 0.029629130822713422)	(95, 0.04511708557094998)	(100, 0.0)	(105, 0.0)	(110, 0.04848403225534924)	(115, 0.22356525984411038)	(120, 0.06868571236174474)	(125, 0.0)	(130, 0.04175013888655073)	(135, 0.23467618390262793)	(140, 0.0)	(145, 0.0)	(150, 0.0)	(155, 0.0)	(160, 0.07508291106210334)	(165, 0.08249019376778169)	(170, 0.24444032928738574)	(175, 0.0)	(180, 0.11582296594333427)	(185, 0.09057086581033989)	(190, 0.12053669130149323)	(195, 0.0)	(200, 0.27002912408882007)	(205, 0.11447618726957459)	(210, 0.13703473005504957)	(215, 0.5107658120233666)	(220, 0.36667407422372167)	(225, 0.1759999460536564)	(230, 0.029139701148646356)	(235, 0.0)	(240, 0.0)	(245, 0.0)	(250, 0.0)
Fungus_7_1	(1, 0.0)	(2, 0.018790634747641775)	(3, 0.005637190424292533)	(4, 0.0018790634747641775)	(5, 0.0018790634747641775)	(6, 0.005637190424292533)	(7, 0.0)	(8, 0.0018790634747641775)	(9, 0.0)	(10, 0.0)	(15, 0.0)	(20, 0.0)	(25, 0.0)	(30, 0.0018790634747641775)	(35, 0.000751625389905671)	(40, 0.02254876169717013)	(45, 0.06426397083693487)	(50, 0.0003758126949528355)	(55, 0.0011274380848585066)	(60, 0.013905069713254914)	(65, 0.06539140892179338)	(70, 0.0)	(75, 0.0)	(80, 0.0003758126949528355)	(85, 0.0)	(90, 0.0)	(95, 0.0)	(100, 0.0)	(105, 0.0)	(110, 0.0)	(115, 0.0)	(120, 0.026306888646698487)	(125, 0.016159945882971927)	(130, 0.06952534856627457)	(135, 0.06501559622684054)	(140, 0.114247059265662)	(145, 0.0762899770754256)	(150, 0.059754218497500844)	(155, 0.0)	(160, 0.0)	(165, 0.0)	(170, 0.0)	(175, 0.0)	(180, 0.0)	(185, 0.0)	(190, 0.0)	(195, 0.0)	(200, 0.0)	(205, 0.0)	(210, 0.0)	(215, 0.0)	(220, 0.0)	(225, 0.0)	(230, 0.11330075307233875)	(235, 0.2729214311364796)	(240, 0.042395817955385974)	(245, 0.0)	(250, 0.0)
Fungus_7_2	(1, 0.0)	(2, 0.0)	(3, 0.0)	(4, 0.0)	(5, 0.0)	(6, 0.0)	(7, 0.0)	(8, 0.0)	(9, 0.0)	(10, 0.0)	(15, 0.0)	(20, 0.0)	(25, 0.0)	(30, 0.048855650343868615)	(35, 0.03908452027509489)	(40, 0.13153444323349245)	(45, 0.07102859934608591)	(50, 0.0)	(55, 0.0)	(60, 0.01503250779811342)	(65, 0.09545642451802022)	(70, 0.024427825171934307)	(75, 0.0)	(80, 0.0)	(85, 0.0)	(90, 0.01653575857792476)	(95, 0.012401818933443571)	(100, 0.0)	(105, 0.0)	(110, 0.025555263256792814)	(115, 0.12777631628396408)	(120, 0.0402119583599534)	(125, 0.0)	(130, 0.0233003870870758)	(135, 0.12476981472434139)	(140, 0.0)	(145, 0.0)	(150, 0.0)	(155, 0.0)	(160, 0.05111052651358563)	(165, 0.048104024953962946)	(170, 0.13491675748806795)	(175, 0.0)	(180, 0.06501559622684054)	(185, 0.05637190424292532)	(190, 0.10410011650193543)	(195, 0.0)	(200, 0.16272689691457778)	(205, 0.06689465970160471)	(210, 0.10034198955240708)	(215, 0.33823142545755197)	(220, 0.21534229277532244)	(225, 0.10787162149464213)	(230, 0.011653916279769177)	(235, 0.0)	(240, 0.0)	(245, 0.0)	(250, 0.0)
Fungus_80_1	(1, 0.0)	(2, 0.01926299770770327)	(3, 0.0019262997707703271)	(4, 0.0)	(5, 0.0)	(6, 0.0)	(7, 0.0)	(8, 0.0019262997707703271)	(9, 0.0)	(10, 0.00038525995415406543)	(15, 0.0)	(20, 0.0)	(25, 0.0)	(30, 0.0007705199083081309)	(35, 0.0007705199083081309)	(40, 0.03390287596555776)	(45, 0.09323290890528384)	(50, 0.0)	(55, 0.0)	(60, 0.027738716699092714)	(65, 0.10633174734652207)	(70, 0.0)	(75, 0.0)	(80, 0.0)	(85, 0.0)	(90, 0.0)	(95, 0.0)	(100, 0.0)	(105, 0.0)	(110, 0.0)	(115, 0.0)	(120, 0.08321615009727813)	(125, 0.051239573902490704)	(130, 0.13021786450407413)	(135, 0.14139040317454202)	(140, 0.19455627684780305)	(145, 0.11018434688806272)	(150, 0.09169186908866757)	(155, 0.0)	(160, 0.0)	(165, 0.0)	(170, 0.0)	(175, 0.0)	(180, 0.0)	(185, 0.0)	(190, 0.0)	(195, 0.0)	(200, 0.0)	(205, 0.0)	(210, 0.0)	(215, 0.0)	(220, 0.0)	(225, 0.0)	(230, 0.19307564067770325)	(235, 0.4526082277571223)	(240, 0.08054506048661668)	(245, 0.0)	(250, 0.0)
Fungus_80_2	(1, 0.0)	(2, 0.0)	(3, 0.0)	(4, 0.0)	(5, 0.0)	(6, 0.0)	(7, 0.0)	(8, 0.0)	(9, 0.0)	(10, 0.0)	(15, 0.0)	(20, 0.0)	(25, 0.0)	(30, 0.07165835147265617)	(35, 0.05740373316895576)	(40, 0.1887773775354921)	(45, 0.1136516864754493)	(50, 0.0)	(55, 0.0)	(60, 0.022730337295089862)	(65, 0.12675052491668753)	(70, 0.06048581280218828)	(75, 0.0)	(80, 0.0)	(85, 0.0)	(90, 0.050854313948336644)	(95, 0.05586269335233949)	(100, 0.0)	(105, 0.0)	(110, 0.04314911486525533)	(115, 0.2396316914838287)	(120, 0.07396991119758058)	(125, 0.0)	(130, 0.034288135919711825)	(135, 0.22345077340935796)	(140, 0.0)	(145, 0.0)	(150, 0.0)	(155, 0.0)	(160, 0.0836014100514322)	(165, 0.08206037023481594)	(170, 0.21266349469304413)	(175, 0.0)	(180, 0.08822452950128098)	(185, 0.08398667000558627)	(190, 0.12983260454992007)	(195, 0.0)	(200, 0.2592799491456861)	(205, 0.12135688555853061)	(210, 0.15603028143239653)	(215, 0.5019937202627474)	(220, 0.3140183170929995)	(225, 0.17841316326923817)	(230, 0.020044483334168518)	(235, 0.0)	(240, 0.0)	(245, 0.0)	(250, 0.0)
Fungus_82_1	(1, 0.0)	(2, 0.014994564470379487)	(3, 0.006247735195991453)	(4, 0.0012495470391982906)	(5, 0.004998188156793162)	(6, 0.006247735195991453)	(7, 0.003748641117594872)	(8, 0.003748641117594872)	(9, 0.004998188156793162)	(10, 0.00024990940783965813)	(15, 0.0)	(20, 0.0)	(25, 0.0)	(30, 0.0017493658548776068)	(35, 0.001499456447037949)	(40, 0.012245560984143247)	(45, 0.032488223019155556)	(50, 0.0)	(55, 0.0004998188156793163)	(60, 0.017743567956615726)	(65, 0.03273813242699521)	(70, 0.0)	(75, 0.0)	(80, 0.00024990940783965813)	(85, 0.00024990940783965813)	(90, 0.0)	(95, 0.0)	(100, 0.0)	(105, 0.0)	(110, 0.0)	(115, 0.0)	(120, 0.015744292693898463)	(125, 0.019742843219332992)	(130, 0.036236864136750424)	(135, 0.03173849479563658)	(140, 0.05672943557960239)	(145, 0.035986954728910774)	(150, 0.024241212560446836)	(155, 0.0)	(160, 0.0)	(165, 0.0)	(170, 0.0)	(175, 0.0)	(180, 0.0)	(185, 0.0)	(190, 0.0004998188156793163)	(195, 0.0)	(200, 0.0)	(205, 0.0)	(210, 0.0)	(215, 0.0)	(220, 0.0)	(225, 0.0)	(230, 0.06709098995645367)	(235, 0.15092289349371404)	(240, 0.026966405403361978)	(245, 0.0)	(250, 0.0)
Fungus_82_2	(1, 0.0)	(2, 0.0)	(3, 0.0)	(4, 0.0)	(5, 0.0)	(6, 0.0)	(7, 0.0)	(8, 0.0)	(9, 0.0)	(10, 0.0)	(15, 0.0)	(20, 0.0)	(25, 0.0)	(30, 0.021992027889889913)	(35, 0.016494020917417435)	(40, 0.055979707356083416)	(45, 0.02124229966637094)	(50, 0.0)	(55, 0.0)	(60, 0.007247372827350085)	(65, 0.050481700383610946)	(70, 0.01749365854877607)	(75, 0.0)	(80, 0.0)	(85, 0.0)	(90, 0.008247010458708718)	(95, 0.009746466905746667)	(100, 0.0)	(105, 0.0)	(110, 0.011495832760624273)	(115, 0.07272363768134052)	(120, 0.01874320558797436)	(125, 0.0)	(130, 0.011995651576303591)	(135, 0.06722563070886803)	(140, 0.0)	(145, 0.0)	(150, 0.0)	(155, 0.0)	(160, 0.01749365854877607)	(165, 0.020492571442851965)	(170, 0.07022454360294393)	(175, 0.0)	(180, 0.02873958190156068)	(185, 0.021492209074210598)	(190, 0.04223468992490222)	(195, 0.0)	(200, 0.08571892688900273)	(205, 0.03298804183483487)	(210, 0.029239400717240002)	(215, 0.16094165864873983)	(220, 0.11798230265460181)	(225, 0.054014719010930475)	(230, 0.010756292431072179)	(235, 0.0002502389782242041)	(240, 0.0)	(245, 0.0)	(250, 0.0)
Fungus_85_1	(1, 0.0)	(2, 0.007487271638215035)	(3, 0.0)	(4, 0.0)	(5, 0.0)	(6, 0.0)	(7, 0.0)	(8, 0.0)	(9, 0.0)	(10, 0.0)	(15, 0.0)	(20, 0.0)	(25, 0.0)	(30, 0.002994908655286014)	(35, 0.003993211540381352)	(40, 0.027203753618847956)	(45, 0.08585404811819906)	(50, 0.0012478786063691723)	(55, 0.001996605770190676)	(60, 0.031196965159229307)	(65, 0.11555355894978536)	(70, 0.0)	(75, 0.0)	(80, 0.0002495757212738345)	(85, 0.0)	(90, 0.0)	(95, 0.0)	(100, 0.0)	(105, 0.0)	(110, 0.0)	(115, 0.0)	(120, 0.040680842567635024)	(125, 0.04018169112508735)	(130, 0.12778276929220325)	(135, 0.1207946490965359)	(140, 0.20190675851053208)	(145, 0.11355695317959467)	(150, 0.10157731855845063)	(155, 0.0)	(160, 0.0)	(165, 0.0)	(170, 0.0)	(175, 0.0)	(180, 0.0)	(185, 0.0)	(190, 0.0007487271638215035)	(195, 0.0002495757212738345)	(200, 0.0)	(205, 0.0)	(210, 0.0)	(215, 0.0)	(220, 0.0)	(225, 0.0)	(230, 0.2218491425830435)	(235, 0.4801020216796069)	(240, 0.06966859800717737)	(245, 0.0)	(250, 0.0)
Fungus_85_2	(1, 0.0)	(2, 0.0012478786063691723)	(3, 0.0)	(4, 0.0)	(5, 0.0)	(6, 0.0)	(7, 0.0)	(8, 0.0)	(9, 0.0)	(10, 0.0)	(15, 0.0)	(20, 0.0)	(25, 0.0)	(30, 0.08460616951182989)	(35, 0.06488968753119696)	(40, 0.2178796046720575)	(45, 0.11804931616252372)	(50, 0.0)	(55, 0.0)	(60, 0.03069781371668164)	(65, 0.1657182789258261)	(70, 0.05815114305680343)	(75, 0.0)	(80, 0.0)	(85, 0.0)	(90, 0.02221223919337127)	(95, 0.02745332934012179)	(100, 0.0)	(105, 0.0)	(110, 0.036188479584706)	(115, 0.20515124288709194)	(120, 0.05515623440151742)	(125, 0.0)	(130, 0.036438055305979836)	(135, 0.2331037236697614)	(140, 0.0)	(145, 0.0)	(150, 0.0)	(155, 0.0)	(160, 0.07137865628431667)	(165, 0.07562144354597185)	(170, 0.2445842068483578)	(175, 0.0)	(180, 0.11280822601577319)	(185, 0.10007986423080763)	(190, 0.16746530897474293)	(195, 0.0)	(200, 0.2555655385844065)	(205, 0.09633622841170011)	(210, 0.15773185584506338)	(215, 0.5707796745532594)	(220, 0.37966057695427846)	(225, 0.1668044218154214)	(230, 0.03146813850975887)	(235, 0.0)	(240, 0.0)	(245, 0.0)	(250, 0.0)
Fungus_89_1	(1, 0.0)	(2, 0.029892573563755256)	(3, 0.009341429238673517)	(4, 0.003736571695469407)	(5, 0.0018682858477347035)	(6, 0.005604857543204111)	(7, 0.0018682858477347035)	(8, 0.0018682858477347035)	(9, 0.0018682858477347035)	(10, 0.00037365716954694067)	(15, 0.0)	(20, 0.0)	(25, 0.0)	(30, 0.001120971508640822)	(35, 0.0026156001868285848)	(40, 0.023166744511910323)	(45, 0.0661373190098085)	(50, 0.00037365716954694067)	(55, 0.00037365716954694067)	(60, 0.019803829985987856)	(65, 0.05642223260158804)	(70, 0.0)	(75, 0.0)	(80, 0.00037365716954694067)	(85, 0.0)	(90, 0.0)	(95, 0.0)	(100, 0.0)	(105, 0.0)	(110, 0.0)	(115, 0.0)	(120, 0.024287716020551145)	(125, 0.029145259224661373)	(130, 0.06277440448388603)	(135, 0.06837926202709015)	(140, 0.13152732368052314)	(145, 0.06165343297524521)	(150, 0.06688463334890238)	(155, 0.0)	(160, 0.0)	(165, 0.0)	(170, 0.0)	(175, 0.0)	(180, 0.0)	(185, 0.0)	(190, 0.0)	(195, 0.00037365716954694067)	(200, 0.0)	(205, 0.0)	(210, 0.0)	(215, 0.0)	(220, 0.0)	(225, 0.0)	(230, 0.13865508326820175)	(235, 0.27391479629706383)	(240, 0.03435414212799372)	(245, 0.0)	(250, 0.0)
Fungus_89_2	(1, 0.0)	(2, 0.0)	(3, 0.0)	(4, 0.0)	(5, 0.0)	(6, 0.0)	(7, 0.0)	(8, 0.0)	(9, 0.0)	(10, 0.0)	(15, 0.0)	(20, 0.0)	(25, 0.0)	(30, 0.050817375058383935)	(35, 0.041849602989257356)	(40, 0.13563755254553947)	(45, 0.07958897711349837)	(50, 0.0)	(55, 0.0)	(60, 0.014946286781877628)	(65, 0.09042503503035965)	(70, 0.027276973376926673)	(75, 0.0)	(80, 0.0)	(85, 0.0)	(90, 0.013078000934142924)	(95, 0.02129845866417562)	(100, 0.0)	(105, 0.0)	(110, 0.01681457262961233)	(115, 0.1423633815973844)	(120, 0.05305931807566557)	(125, 0.0)	(130, 0.022419430172816442)	(135, 0.15394675385333956)	(140, 0.0)	(145, 0.0)	(150, 0.0)	(155, 0.0)	(160, 0.04894908921064923)	(165, 0.055301261092947224)	(170, 0.13862680990191498)	(175, 0.0)	(180, 0.0680056048575432)	(185, 0.05044371788883699)	(190, 0.10200840728631481)	(195, 0.0)	(200, 0.15917795422699674)	(205, 0.09602989257356376)	(210, 0.09229332087809435)	(215, 0.3501167678654834)	(220, 0.24556433075310133)	(225, 0.12156122010061529)	(230, 0.019107635935843303)	(235, 0.0)	(240, 0.0)	(245, 0.0)	(250, 0.0)
Fungus_93_1	(1, 0.0)	(2, 0.02605669191684193)	(3, 0.0018611922797744237)	(4, 0.0)	(5, 0.0018611922797744237)	(6, 0.0037223845595488474)	(7, 0.0018611922797744237)	(8, 0.0018611922797744237)	(9, 0.0)	(10, 0.0007444769119097694)	(15, 0.0)	(20, 0.0)	(25, 0.0)	(30, 0.0018611922797744237)	(35, 0.0033501461035939624)	(40, 0.02307878426920285)	(45, 0.057324722217052246)	(50, 0.0007444769119097694)	(55, 0.0011167153678646542)	(60, 0.01823968434178935)	(65, 0.060302629864691315)	(70, 0.0)	(75, 0.0)	(80, 0.0003722384559548847)	(85, 0.0)	(90, 0.0)	(95, 0.0)	(100, 0.0)	(105, 0.0)	(110, 0.0)	(115, 0.0)	(120, 0.03201250721212008)	(125, 0.02754564574066147)	(130, 0.06960859126356345)	(135, 0.08003126803030021)	(140, 0.12283869046511196)	(145, 0.07035306817547321)	(150, 0.06774739898378902)	(155, 0.0)	(160, 0.0)	(165, 0.0)	(170, 0.0)	(175, 0.0)	(180, 0.0)	(185, 0.0)	(190, 0.0003722384559548847)	(195, 0.0)	(200, 0.0)	(205, 0.0)	(210, 0.0)	(215, 0.0)	(220, 0.000372281414967202)	(225, 0.0)	(230, 0.12995911315007486)	(235, 0.30107911524473857)	(240, 0.0542667209333876)	(245, 0.0)	(250, 0.0)
Fungus_93_2	(1, 0.0)	(2, 0.0)	(3, 0.0)	(4, 0.0)	(5, 0.0)	(6, 0.0)	(7, 0.0)	(8, 0.0)	(9, 0.0)	(10, 0.0)	(15, 0.0)	(20, 0.0)	(25, 0.0)	(30, 0.0584414375849169)	(35, 0.04243518397885686)	(40, 0.1410783748069013)	(45, 0.0733309758231123)	(50, 0.0)	(55, 0.0)	(60, 0.02307878426920285)	(65, 0.08822051406130767)	(70, 0.0316402687561652)	(75, 0.0)	(80, 0.0)	(85, 0.0)	(90, 0.01749520742987958)	(95, 0.02382326118111262)	(100, 0.0)	(105, 0.0)	(110, 0.019728638165608887)	(115, 0.13884494407117198)	(120, 0.0364793686835787)	(125, 0.0)	(130, 0.02121759198942843)	(135, 0.1459174747343148)	(140, 0.0)	(145, 0.0)	(150, 0.0)	(155, 0.0)	(160, 0.050996668465819205)	(165, 0.05248562228963874)	(170, 0.1410783748069013)	(175, 0.0)	(180, 0.07072530663142809)	(185, 0.06253606060042063)	(190, 0.10571572149118726)	(195, 0.0)	(200, 0.1652738744439688)	(205, 0.0729587373671574)	(210, 0.10348229075545794)	(215, 0.3603268253643284)	(220, 0.23080846248059533)	(225, 0.09941468209642107)	(230, 0.01713164176992205)	(235, 0.0)	(240, 0.0)	(245, 0.0)	(250, 0.0)
Fungus_95_1	(1, 0.0)	(2, 0.018051193183869454)	(3, 0.003610238636773891)	(4, 0.0)	(5, 0.0)	(6, 0.0)	(7, 0.0)	(8, 0.003610238636773891)	(9, 0.0)	(10, 0.0)	(15, 0.0)	(20, 0.0)	(25, 0.0)	(30, 0.0032492147730965016)	(35, 0.0021661431820643347)	(40, 0.027798837503158962)	(45, 0.07400989205386475)	(50, 0.0003610238636773891)	(55, 0.0)	(60, 0.03429726704935196)	(65, 0.08231344091844471)	(70, 0.0)	(75, 0.0)	(80, 0.0003610238636773891)	(85, 0.0)	(90, 0.0)	(95, 0.0)	(100, 0.0)	(105, 0.0)	(110, 0.0)	(115, 0.0)	(120, 0.03140907613993285)	(125, 0.039712625004512794)	(130, 0.0891728943283151)	(135, 0.06678941478031698)	(140, 0.19098162388533882)	(145, 0.0859236795552186)	(150, 0.06101303296147876)	(155, 0.0)	(160, 0.0)	(165, 0.0)	(170, 0.0)	(175, 0.0)	(180, 0.0)	(185, 0.0)	(190, 0.0003610238636773891)	(195, 0.0)	(200, 0.0)	(205, 0.0)	(210, 0.0)	(215, 0.0)	(220, 0.0003612038200916013)	(225, 0.0)	(230, 0.15653978388110207)	(235, 0.3601766167265153)	(240, 0.052940768407870285)	(245, 0.0)	(250, 0.0)
Fungus_95_2	(1, 0.0)	(2, 0.0)	(3, 0.0)	(4, 0.0)	(5, 0.0)	(6, 0.0)	(7, 0.0)	(8, 0.0)	(9, 0.0)	(10, 0.0)	(15, 0.0)	(20, 0.0)	(25, 0.0)	(30, 0.058124842052059644)	(35, 0.043683887504964075)	(40, 0.15451821365392251)	(45, 0.08845084660096032)	(50, 0.0)	(55, 0.0)	(60, 0.015524026138127731)	(65, 0.1054189681937976)	(70, 0.0462110545507058)	(75, 0.0)	(80, 0.0)	(85, 0.0)	(90, 0.02021733636593379)	(95, 0.016968121592837285)	(100, 0.0)	(105, 0.0)	(110, 0.03140907613993285)	(115, 0.1556012852449547)	(120, 0.0563197227336727)	(125, 0.0)	(130, 0.03538033864038413)	(135, 0.18412217047546844)	(140, 0.0003610238636773891)	(145, 0.0)	(150, 0.0)	(155, 0.0)	(160, 0.07400989205386475)	(165, 0.0729268204628326)	(170, 0.1758186216108885)	(175, 0.0003610238636773891)	(180, 0.07003862955341349)	(185, 0.062457128416188314)	(190, 0.12094299433192533)	(195, 0.0)	(200, 0.20650565002346655)	(205, 0.10108668182966893)	(210, 0.12599732842340877)	(215, 0.4458644716415755)	(220, 0.29905083864256926)	(225, 0.1507646697277559)	(230, 0.01736085994126242)	(235, 0.0)	(240, 0.0)	(245, 0.0)	(250, 0.0)
Fungus_99_1	(1, 0.0)	(2, 0.02347205922181096)	(3, 0.005416629051187145)	(4, 0.0018055430170623816)	(5, 0.0036110860341247632)	(6, 0.0036110860341247632)	(7, 0.0018055430170623816)	(8, 0.0036110860341247632)	(9, 0.0018055430170623816)	(10, 0.0003611086034124763)	(15, 0.0)	(20, 0.0)	(25, 0.0)	(30, 0.002166651620474858)	(35, 0.003249977430712287)	(40, 0.018055430170623814)	(45, 0.06608287442448316)	(50, 0.0)	(55, 0.001083325810237429)	(60, 0.022749842014986008)	(65, 0.06680509163130811)	(70, 0.0)	(75, 0.0)	(80, 0.001083325810237429)	(85, 0.0)	(90, 0.0)	(95, 0.0)	(100, 0.0)	(105, 0.0)	(110, 0.0)	(115, 0.0)	(120, 0.032499774307122864)	(125, 0.026722036652523245)	(130, 0.07330504649273269)	(135, 0.0837771959916945)	(140, 0.1401101381240408)	(145, 0.0671662002347206)	(150, 0.06933285185519546)	(155, 0.0)	(160, 0.0)	(165, 0.0)	(170, 0.0)	(175, 0.0)	(180, 0.0)	(185, 0.0)	(190, 0.0)	(195, 0.0)	(200, 0.0)	(205, 0.0)	(210, 0.0)	(215, 0.0)	(220, 0.0)	(225, 0.0)	(230, 0.1197297219087305)	(235, 0.28377625111302546)	(240, 0.0510888075654915)	(245, 0.0)	(250, 0.0)
Fungus_99_2	(1, 0.0)	(2, 0.0)	(3, 0.0)	(4, 0.0)	(5, 0.0)	(6, 0.0)	(7, 0.0)	(8, 0.0)	(9, 0.0)	(10, 0.0)	(15, 0.0)	(20, 0.0)	(25, 0.0)	(30, 0.048388552857271824)	(35, 0.04333303240949716)	(40, 0.15816556829466463)	(45, 0.07583280671662002)	(50, 0.0)	(55, 0.0)	(60, 0.10038819174866842)	(65, 0.1097770154373928)	(70, 0.03213866570371039)	(75, 0.0)	(80, 0.0)	(85, 0.0)	(90, 0.018777647377448768)	(95, 0.018055430170623814)	(100, 0.0)	(105, 0.0)	(110, 0.02238873341157353)	(115, 0.13649905208991603)	(120, 0.04694411844362192)	(125, 0.0)	(130, 0.024194276428635912)	(135, 0.13794348650356594)	(140, 0.0)	(145, 0.0)	(150, 0.0)	(155, 0.0)	(160, 0.058499593752821155)	(165, 0.05561072492552135)	(170, 0.15383226505371492)	(175, 0.0)	(180, 0.06572176582107069)	(185, 0.06752730883813307)	(190, 0.09930486593843098)	(195, 0.0)	(200, 0.17333212963798864)	(205, 0.08774939062923173)	(210, 0.10833258102374288)	(215, 0.3618308206193013)	(220, 0.2080210910272847)	(225, 0.10442864163270026)	(230, 0.014109730287078744)	(235, 0.0007241077182641689)	(240, 0.0)	(245, 0.0)	(250, 0.0)
Fungus_B_1	(1, 0.0)	(2, 0.01876149141349076)	(3, 0.0)	(4, 0.0)	(5, 0.0)	(6, 0.0)	(7, 0.0)	(8, 0.0)	(9, 0.0)	(10, 0.0)	(15, 0.0)	(20, 0.0)	(25, 0.0)	(30, 0.0017510725319258044)	(35, 0.005253217595777414)	(40, 0.03327037810659029)	(45, 0.11056772273017224)	(50, 0.0002501532188465435)	(55, 0.000500306437693087)	(60, 0.034521144200823)	(65, 0.10781603732286024)	(70, 0.0)	(75, 0.0)	(80, 0.0002501532188465435)	(85, 0.0)	(90, 0.0)	(95, 0.0)	(100, 0.0)	(105, 0.0)	(110, 0.0)	(115, 0.0)	(120, 0.04102512789083314)	(125, 0.04377681329814512)	(130, 0.11982339182749434)	(135, 0.08129979612512664)	(140, 0.18036047078835787)	(145, 0.11206864204325148)	(150, 0.09705944891245888)	(155, 0.0)	(160, 0.0)	(165, 0.0)	(170, 0.0)	(175, 0.0)	(180, 0.0)	(185, 0.0)	(190, 0.0002501532188465435)	(195, 0.0002501532188465435)	(200, 0.0)	(205, 0.0)	(210, 0.0)	(215, 0.0)	(220, 0.0)	(225, 0.0)	(230, 0.19797470128595956)	(235, 0.477915497330032)	(240, 0.08019427062057835)	(245, 0.0)	(250, 0.0)
Fungus_B_2	(1, 0.0)	(2, 0.0)	(3, 0.0)	(4, 0.0)	(5, 0.0)	(6, 0.0)	(7, 0.0)	(8, 0.0)	(9, 0.0)	(10, 0.0)	(15, 0.0)	(20, 0.0)	(25, 0.0)	(30, 0.08255056221935936)	(35, 0.06303861114932897)	(40, 0.19036659954221963)	(45, 0.0845517879701317)	(50, 0.0)	(55, 0.0)	(60, 0.021263023601956196)	(65, 0.12457630298557867)	(70, 0.05528386136508612)	(75, 0.0)	(80, 0.0)	(85, 0.0)	(90, 0.02426486222811472)	(95, 0.026266087978887066)	(100, 0.0)	(105, 0.0)	(110, 0.03877374892121425)	(115, 0.20562594589185876)	(120, 0.06704106265087366)	(125, 0.0)	(130, 0.04352666007929857)	(135, 0.23139172743305275)	(140, 0.0)	(145, 0.0)	(150, 0.0)	(155, 0.0)	(160, 0.06303861114932897)	(165, 0.06629060299433404)	(170, 0.2431489287188403)	(175, 0.0)	(180, 0.10731573088516716)	(185, 0.08505209440782478)	(190, 0.12957936736250952)	(195, 0.0)	(200, 0.2534052106915486)	(205, 0.11482032745056348)	(210, 0.13758427036559892)	(215, 0.4995559780365474)	(220, 0.39576516265898154)	(225, 0.19064965998308672)	(230, 0.02352375899658655)	(235, 0.0)	(240, 0.0)	(245, 0.0)	(250, 0.0)
Fungus_C_1	(1, 0.0)	(2, 0.021304059049838966)	(3, 0.0)	(4, 0.0)	(5, 0.0)	(6, 0.0)	(7, 0.0)	(8, 0.0)	(9, 0.0)	(10, 0.0)	(15, 0.0)	(20, 0.0)	(25, 0.0)	(30, 0.003759539832324523)	(35, 0.004010175821146158)	(40, 0.029073774703309647)	(45, 0.0847149642217126)	(50, 0.0010025439552865396)	(55, 0.0010025439552865396)	(60, 0.023810418938055314)	(65, 0.1155431908467737)	(70, 0.0)	(75, 0.0)	(80, 0.0005012719776432698)	(85, 0.0002506359888216349)	(90, 0.0)	(95, 0.0)	(100, 0.0)	(105, 0.0)	(110, 0.0)	(115, 0.0)	(120, 0.03709412634560197)	(125, 0.035089038435028884)	(130, 0.12456608644435255)	(135, 0.07844906450117171)	(140, 0.16842738448813865)	(145, 0.1293281702319636)	(150, 0.11128237903680589)	(155, 0.0)	(160, 0.0)	(165, 0.0)	(170, 0.0)	(175, 0.0)	(180, 0.0)	(185, 0.0)	(190, 0.0002506359888216349)	(195, 0.0002506359888216349)	(200, 0.0)	(205, 0.0)	(210, 0.0)	(215, 0.0)	(220, 0.0)	(225, 0.0)	(230, 0.17747830402935913)	(235, 0.5121648554130785)	(240, 0.10234002473217266)	(245, 0.0)	(250, 0.0)
Fungus_C_2	(1, 0.0)	(2, 0.002506359888216349)	(3, 0.0)	(4, 0.0)	(5, 0.0)	(6, 0.0)	(7, 0.0)	(8, 0.0)	(9, 0.0)	(10, 0.0)	(15, 0.0)	(20, 0.0)	(25, 0.0)	(30, 0.09749739965161597)	(35, 0.06767171698184142)	(40, 0.18872889958269107)	(45, 0.09649485569632944)	(50, 0.0)	(55, 0.0)	(60, 0.014035615374011554)	(65, 0.12882689825432034)	(70, 0.05288419364136496)	(75, 0.0)	(80, 0.0)	(85, 0.0)	(90, 0.020552151083374062)	(95, 0.02857250272566638)	(100, 0.0)	(105, 0.0)	(110, 0.03333458651327744)	(115, 0.2105342306101733)	(120, 0.06065390929483565)	(125, 0.0)	(130, 0.041605574144391394)	(135, 0.24963344486634836)	(140, 0.0)	(145, 0.0)	(150, 0.0)	(155, 0.0)	(160, 0.06691980901537652)	(165, 0.07920097246763663)	(170, 0.24311690915698583)	(175, 0.0)	(180, 0.11629509881323859)	(185, 0.08220860433349625)	(190, 0.14336378560597518)	(195, 0.0)	(200, 0.26266651628507337)	(205, 0.1135381029362006)	(210, 0.1466220534606564)	(215, 0.5446320037094127)	(220, 0.36820180165728406)	(225, 0.18147774015094736)	(230, 0.025071076501882835)	(235, 0.0)	(240, 0.0)	(245, 0.0)	(250, 0.0)
Fungus_I_1	(1, 0.0)	(2, 0.01376824292187148)	(3, 0.0012516584474428617)	(4, 0.0)	(5, 0.0)	(6, 0.0)	(7, 0.0)	(8, 0.0)	(9, 0.0)	(10, 0.0)	(15, 0.0)	(20, 0.0)	(25, 0.0)	(30, 0.005256965479260019)	(35, 0.006007960547725737)	(40, 0.04155506045510301)	(45, 0.13092347360252335)	(50, 0.0012516584474428617)	(55, 0.002002653515908579)	(60, 0.03729942173379728)	(65, 0.10714196310110896)	(70, 0.0)	(75, 0.0)	(80, 0.0007509950684657171)	(85, 0.0)	(90, 0.0)	(95, 0.0)	(100, 0.0)	(105, 0.0)	(110, 0.0)	(115, 0.0)	(120, 0.03905174356021729)	(125, 0.04881467945027161)	(130, 0.11615390392269757)	(135, 0.08811675469997747)	(140, 0.186747440358475)	(145, 0.1321751320499662)	(150, 0.11189826520139184)	(155, 0.0)	(160, 0.0)	(165, 0.0)	(170, 0.0)	(175, 0.0)	(180, 0.0)	(185, 0.0)	(190, 0.0)	(195, 0.00025033168948857237)	(200, 0.0)	(205, 0.0)	(210, 0.0)	(215, 0.0)	(220, 0.0)	(225, 0.0)	(230, 0.20254716886302185)	(235, 0.5020739477450692)	(240, 0.09571571425332927)	(245, 0.0)	(250, 0.0)
Fungus_I_2	(1, 0.0)	(2, 0.005006633789771447)	(3, 0.0)	(4, 0.0)	(5, 0.0)	(6, 0.0)	(7, 0.0)	(8, 0.0)	(9, 0.0)	(10, 0.0)	(15, 0.0)	(20, 0.0)	(25, 0.0)	(30, 0.08636443287355747)	(35, 0.07209552657270883)	(40, 0.21503492127068366)	(45, 0.10088367086389464)	(50, 0.0)	(55, 0.0)	(60, 0.02252985205397151)	(65, 0.1419380679400205)	(70, 0.048063684381805895)	(75, 0.0)	(80, 0.0)	(85, 0.0)	(90, 0.02578416401732295)	(95, 0.02553383232783438)	(100, 0.0)	(105, 0.0)	(110, 0.03729942173379728)	(115, 0.2365634465667009)	(120, 0.08010614063634315)	(125, 0.0)	(130, 0.048063684381805895)	(135, 0.2633489373419781)	(140, 0.0)	(145, 0.0)	(150, 0.0)	(155, 0.0)	(160, 0.07810348712043458)	(165, 0.08361078428918316)	(170, 0.24582571907777803)	(175, 0.0)	(180, 0.11239892858036898)	(185, 0.0986306856584975)	(190, 0.153953989035472)	(195, 0.0)	(200, 0.3001476956967983)	(205, 0.1304228102235462)	(210, 0.1657195784414349)	(215, 0.5857761534032593)	(220, 0.4198188545479124)	(225, 0.19653842013154302)	(230, 0.027297702735530338)	(235, 0.0)	(240, 0.0)	(245, 0.0)	(250, 0.0)
Fungus_M6_1	(1, 0.0)	(2, 0.021502197255782077)	(3, 0.0)	(4, 0.0)	(5, 0.0)	(6, 0.0)	(7, 0.0)	(8, 0.0)	(9, 0.0)	(10, 0.0)	(15, 0.0)	(20, 0.0)	(25, 0.0)	(30, 0.003762884519761863)	(35, 0.0029565521226700355)	(40, 0.039510287457499564)	(45, 0.10670465388181855)	(50, 0.0002687774656972759)	(55, 0.0005375549313945519)	(60, 0.03332840574646222)	(65, 0.11181142573006679)	(70, 0.0)	(75, 0.0)	(80, 0.0008063323970918277)	(85, 0.0005375549313945519)	(90, 0.0)	(95, 0.0)	(100, 0.0)	(105, 0.0)	(110, 0.0)	(115, 0.0)	(120, 0.04112295225168322)	(125, 0.042735617045866876)	(130, 0.12632540887771967)	(135, 0.0948784453911384)	(140, 0.22604184865140906)	(145, 0.1093924285387913)	(150, 0.10751098627891037)	(155, 0.0)	(160, 0.0)	(165, 0.0)	(170, 0.0)	(175, 0.0)	(180, 0.0)	(185, 0.0)	(190, 0.0002687774656972759)	(195, 0.0)	(200, 0.0)	(205, 0.0)	(210, 0.0)	(215, 0.0)	(220, 0.0)	(225, 0.0)	(230, 0.20568331222726796)	(235, 0.48591727305485194)	(240, 0.07616740680931235)	(245, 0.0)	(250, 0.0)
Fungus_M6_2	(1, 0.0)	(2, 0.0013438873284863798)	(3, 0.0)	(4, 0.0)	(5, 0.0)	(6, 0.0)	(7, 0.0)	(8, 0.0)	(9, 0.0)	(10, 0.0)	(15, 0.0)	(20, 0.0)	(25, 0.0)	(30, 0.08466490169464191)	(35, 0.07095725094408084)	(40, 0.22066629933746354)	(45, 0.113961645455645)	(50, 0.0)	(55, 0.0)	(60, 0.022846084584268456)	(65, 0.1440647216137399)	(70, 0.05483060300224429)	(75, 0.0)	(80, 0.0)	(85, 0.0)	(90, 0.0223085296528739)	(95, 0.029027966295305803)	(100, 0.0)	(105, 0.0)	(110, 0.031446963486581284)	(115, 0.212334197900848)	(120, 0.06800069882141081)	(125, 0.0)	(130, 0.03655373533482953)	(135, 0.22819206837698724)	(140, 0.0)	(145, 0.0)	(150, 0.0)	(155, 0.0)	(160, 0.09326578059695476)	(165, 0.09622233271962478)	(170, 0.23410517262232736)	(175, 0.0)	(180, 0.10804854121030494)	(185, 0.08681512142022013)	(190, 0.14621494133931812)	(195, 0.0)	(200, 0.28302267137923154)	(205, 0.13250729058875704)	(210, 0.16153525688406284)	(215, 0.5488435849538374)	(220, 0.387337478193787)	(225, 0.1696236559139785)	(230, 0.023389800433921124)	(235, 0.0)	(240, 0.0)	(245, 0.0)	(250, 0.0)
Fungus_Q_1	(1, 0.0)	(2, 0.01500018750234378)	(3, 0.0)	(4, 0.0)	(5, 0.0)	(6, 0.0)	(7, 0.0)	(8, 0.0)	(9, 0.0)	(10, 0.0)	(15, 0.0)	(20, 0.0)	(25, 0.0)	(30, 0.003000037500468756)	(35, 0.004000050000625008)	(40, 0.02175027187839848)	(45, 0.07550094376179703)	(50, 0.000500006250078126)	(55, 0.000500006250078126)	(60, 0.02100026250328129)	(65, 0.07250090626132827)	(70, 0.0)	(75, 0.0)	(80, 0.000750009375117189)	(85, 0.0)	(90, 0.0)	(95, 0.0)	(100, 0.0)	(105, 0.0)	(110, 0.0)	(115, 0.0)	(120, 0.047250590632382905)	(125, 0.029000362504531307)	(130, 0.08250103126289078)	(135, 0.09650120626507831)	(140, 0.14675183439793)	(145, 0.0865010812635158)	(150, 0.07475093438667983)	(155, 0.0)	(160, 0.0)	(165, 0.0)	(170, 0.0)	(175, 0.0)	(180, 0.0)	(185, 0.0)	(190, 0.000250003125039063)	(195, 0.0)	(200, 0.0)	(205, 0.0)	(210, 0.0)	(215, 0.0)	(220, 0.0005000175006125214)	(225, 0.0)	(230, 0.17235125636311333)	(235, 0.4461894966542044)	(240, 0.08289112213543559)	(245, 0.0)	(250, 0.0)
Fungus_Q_2	(1, 0.0)	(2, 0.001250015625195315)	(3, 0.0)	(4, 0.0)	(5, 0.0)	(6, 0.0)	(7, 0.0)	(8, 0.0)	(9, 0.0)	(10, 0.0)	(15, 0.0)	(20, 0.0)	(25, 0.0)	(30, 0.06325079063488294)	(35, 0.05075063438292978)	(40, 0.16275203440043)	(45, 0.0885011062638283)	(50, 0.0)	(55, 0.0)	(60, 0.016250203127539095)	(65, 0.10350129376617206)	(70, 0.035500443755546944)	(75, 0.0)	(80, 0.0)	(85, 0.0)	(90, 0.024750309378867234)	(95, 0.030500381254765684)	(100, 0.0)	(105, 0.0)	(110, 0.04225052813160164)	(115, 0.18800235002937538)	(120, 0.04125051563144539)	(125, 0.0)	(130, 0.037750471880898515)	(135, 0.22900286253578173)	(140, 0.0)	(145, 0.0)	(150, 0.0)	(155, 0.0)	(160, 0.07100088751109389)	(165, 0.06325079063488294)	(170, 0.1635020437755472)	(175, 0.0)	(180, 0.07925099063738297)	(185, 0.0810010125126564)	(190, 0.13075163439542994)	(195, 0.0)	(200, 0.2357529469118364)	(205, 0.09675120939011737)	(210, 0.135001687521094)	(215, 0.5332566657083214)	(220, 0.38027281636898214)	(225, 0.15576791331003065)	(230, 0.02425612467147955)	(235, 0.0)	(240, 0.0)	(245, 0.0)	(250, 0.0)
Fungus_R_1	(1, 0.0)	(2, 0.021203617087620828)	(3, 0.0)	(4, 0.0)	(5, 0.0)	(6, 0.0)	(7, 0.0)	(8, 0.0)	(9, 0.0)	(10, 0.0002494543186778921)	(15, 0.0)	(20, 0.0)	(25, 0.0)	(30, 0.0037418147801683817)	(35, 0.003991269098846274)	(40, 0.02594324914250078)	(45, 0.10776426566884939)	(50, 0.0007483629560336764)	(55, 0.0004989086373557842)	(60, 0.035921421889616466)	(65, 0.11125662613033988)	(70, 0.0)	(75, 0.0)	(80, 0.0007483629560336764)	(85, 0.0)	(90, 0.0)	(95, 0.0)	(100, 0.0)	(105, 0.0)	(110, 0.0)	(115, 0.0)	(120, 0.05163704396632366)	(125, 0.05562831306516994)	(130, 0.12422825070159027)	(135, 0.12921733707514813)	(140, 0.21478016838166514)	(145, 0.12173370751481134)	(150, 0.10626753975678203)	(155, 0.0)	(160, 0.0)	(165, 0.0)	(170, 0.0)	(175, 0.0)	(180, 0.0)	(185, 0.0)	(190, 0.0004989086373557842)	(195, 0.0)	(200, 0.0)	(205, 0.0)	(210, 0.0)	(215, 0.0)	(220, 0.0)	(225, 0.00025057318616334865)	(230, 0.21535260533933742)	(235, 0.4941781920199186)	(240, 0.08678110607848362)	(245, 0.0)	(250, 0.0)
Fungus_R_2	(1, 0.0)	(2, 0.0)	(3, 0.0)	(4, 0.0)	(5, 0.0)	(6, 0.0)	(7, 0.0)	(8, 0.0)	(9, 0.0)	(10, 0.0)	(15, 0.0)	(20, 0.0)	(25, 0.0)	(30, 0.09329591518553165)	(35, 0.05986903648269411)	(40, 0.22974742750233862)	(45, 0.11973807296538821)	(50, 0.0)	(55, 0.0)	(60, 0.13146242594324914)	(65, 0.17461802307452448)	(70, 0.05837231057062675)	(75, 0.0)	(80, 0.0)	(85, 0.0)	(90, 0.03542251325226068)	(95, 0.03617087620829435)	(100, 0.0)	(105, 0.0)	(110, 0.04465232304334269)	(115, 0.23299033364515123)	(120, 0.06835048331774243)	(125, 0.0)	(130, 0.042407234175241657)	(135, 0.24870595572185844)	(140, 0.0)	(145, 0.0)	(150, 0.0)	(155, 0.0)	(160, 0.07982538197692547)	(165, 0.08556283130651698)	(170, 0.2514499532273152)	(175, 0.0)	(180, 0.11225444340505146)	(185, 0.1042719052073589)	(190, 0.16913002806361085)	(195, 0.0)	(200, 0.27015902712815715)	(205, 0.12846897411911443)	(210, 0.16888057374493295)	(215, 0.5949485500467727)	(220, 0.3836741414106136)	(225, 0.20159881835148055)	(230, 0.02720130965571627)	(235, 0.0)	(240, 0.0)	(245, 0.0)	(250, 0.0)
