Sample	0	1	2	3	4	5	6	7	8	9	10	11	12	13	14	15	16	17	18	19	20	21	22	23	24	25	26	27	28	29	30
Fungus_006R_1	(220, 9.0)	(221, 46.0)	(222, 76.0)	(223, 44.0)	(224, 48.0)	(225, 41.0)	(226, 43.0)	(227, 14.0)	(228, 10.0)	(229, 15.0)	(230, 9.0)	(231, 3.0)	(232, 7.0)	(233, 80.0)	(234, 8.0)	(235, 31.0)	(236, 22.0)	(237, 33.0)	(238, 7.0)	(239, 16.0)	(240, 39.0)	(241, 31.0)	(242, 41.0)	(243, 130.0)	(244, 823.0)	(245, 18079.0)	(246, 18398.0)	(247, 18556.0)	(248, 6864.0)	(249, 4989.0)	(250, 11257.0)
Fungus_006R_2	(220, 3.0)	(221, 13.0)	(222, 14.0)	(223, 11.0)	(224, 42.0)	(225, 45.0)	(226, 43.0)	(227, 8.0)	(228, 8.0)	(229, 11.0)	(230, 7.0)	(231, 4.0)	(232, 8.0)	(233, 1.0)	(234, 3.0)	(235, 11.0)	(236, 11.0)	(237, 3.0)	(238, 2.0)	(239, 8.0)	(240, 10.0)	(241, 15.0)	(242, 19.0)	(243, 68.0)	(244, 541.0)	(245, 11488.0)	(246, 12867.0)	(247, 12442.0)	(248, 13316.0)	(249, 14312.0)	(250, 14435.0)
Fungus_034R_1	(220, 10.0)	(221, 18.0)	(222, 27.0)	(223, 14.0)	(224, 10.0)	(225, 13.0)	(226, 8.0)	(227, 1.0)	(228, 13.0)	(229, 4.0)	(230, 25.0)	(231, 23.0)	(232, 10.0)	(233, 11.0)	(234, 10.0)	(235, 4.0)	(236, 12.0)	(237, 1.0)	(238, 8.0)	(239, 8.0)	(240, 7.0)	(241, 6.0)	(242, 15.0)	(243, 91.0)	(244, 510.0)	(245, 18578.0)	(246, 19890.0)	(247, 18278.0)	(248, 6315.0)	(249, 4268.0)	(250, 12114.0)
Fungus_034R_2	(220, 1.0)	(221, 9.0)	(222, 7.0)	(223, 5.0)	(224, 17.0)	(225, 15.0)	(226, 19.0)	(227, 4.0)	(228, 3.0)	(229, 3.0)	(230, 23.0)	(231, 8.0)	(232, 7.0)	(233, 12.0)	(234, 11.0)	(235, 19.0)	(236, 12.0)	(237, 7.0)	(238, 9.0)	(239, 9.0)	(240, 10.0)	(241, 13.0)	(242, 19.0)	(243, 58.0)	(244, 495.0)	(245, 11221.0)	(246, 12626.0)	(247, 12768.0)	(248, 13177.0)	(249, 14837.0)	(250, 14878.0)
Fungus_044R_1	(220, 15.0)	(221, 11.0)	(222, 5.0)	(223, 0.0)	(224, 4.0)	(225, 23.0)	(226, 29.0)	(227, 27.0)	(228, 33.0)	(229, 38.0)	(230, 36.0)	(231, 13.0)	(232, 13.0)	(233, 2.0)	(234, 10.0)	(235, 13.0)	(236, 19.0)	(237, 37.0)	(238, 37.0)	(239, 29.0)	(240, 36.0)	(241, 82.0)	(242, 117.0)	(243, 231.0)	(244, 696.0)	(245, 13982.0)	(246, 18097.0)	(247, 13332.0)	(248, 2827.0)	(249, 2335.0)	(250, 8986.0)
Fungus_044R_2	(220, 6.0)	(221, 16.0)	(222, 14.0)	(223, 2.0)	(224, 1.0)	(225, 24.0)	(226, 5.0)	(227, 11.0)	(228, 45.0)	(229, 59.0)	(230, 41.0)	(231, 19.0)	(232, 12.0)	(233, 4.0)	(234, 8.0)	(235, 10.0)	(236, 14.0)	(237, 31.0)	(238, 26.0)	(239, 34.0)	(240, 47.0)	(241, 74.0)	(242, 83.0)	(243, 154.0)	(244, 471.0)	(245, 8836.0)	(246, 10078.0)	(247, 9218.0)	(248, 10243.0)	(249, 10741.0)	(250, 10788.0)
Fungus_049R_1	(221, 1.0)	(222, 3.0)	(223, 0.0)	(224, 0.0)	(225, 1.0)	(226, 1.0)	(227, 1.0)	(228, 3.0)	(229, 1.0)	(230, 1.0)	(231, 0.0)	(232, 0.0)	(233, 5.0)	(234, 17.0)	(235, 3.0)	(236, 2.0)	(237, 8.0)	(238, 10.0)	(239, 2.0)	(240, 1.0)	(241, 4.0)	(242, 17.0)	(243, 85.0)	(244, 365.0)	(245, 12597.0)	(246, 16642.0)	(247, 11792.0)	(248, 2311.0)	(249, 2444.0)	(250, 7611.0)	
Fungus_049R_2	(220, 2.0)	(221, 1.0)	(222, 0.0)	(223, 0.0)	(224, 5.0)	(225, 3.0)	(226, 2.0)	(227, 1.0)	(228, 0.0)	(229, 15.0)	(230, 2.0)	(231, 1.0)	(232, 1.0)	(233, 9.0)	(234, 5.0)	(235, 5.0)	(236, 6.0)	(237, 11.0)	(238, 16.0)	(239, 1.0)	(240, 6.0)	(241, 11.0)	(242, 17.0)	(243, 69.0)	(244, 724.0)	(245, 6929.0)	(246, 8813.0)	(247, 8746.0)	(248, 8823.0)	(249, 9793.0)	(250, 9911.0)
Fungus_060R_1	(220, 12.0)	(221, 69.0)	(222, 158.0)	(223, 176.0)	(224, 160.0)	(225, 157.0)	(226, 142.0)	(227, 57.0)	(228, 4.0)	(229, 8.0)	(230, 0.0)	(231, 4.0)	(232, 5.0)	(233, 3.0)	(234, 8.0)	(235, 7.0)	(236, 5.0)	(237, 5.0)	(238, 2.0)	(239, 4.0)	(240, 4.0)	(241, 32.0)	(242, 41.0)	(243, 92.0)	(244, 567.0)	(245, 19091.0)	(246, 20726.0)	(247, 18295.0)	(248, 6318.0)	(249, 3576.0)	(250, 10567.0)
Fungus_060R_2	(220, 7.0)	(221, 59.0)	(222, 97.0)	(223, 47.0)	(224, 165.0)	(225, 260.0)	(226, 192.0)	(227, 93.0)	(228, 5.0)	(229, 5.0)	(230, 4.0)	(231, 12.0)	(232, 4.0)	(233, 6.0)	(234, 18.0)	(235, 8.0)	(236, 14.0)	(237, 3.0)	(238, 3.0)	(239, 2.0)	(240, 2.0)	(241, 5.0)	(242, 8.0)	(243, 56.0)	(244, 562.0)	(245, 11396.0)	(246, 12878.0)	(247, 12537.0)	(248, 13111.0)	(249, 14078.0)	(250, 14658.0)
Fungus_100_1	(221, 4.0)	(222, 7.0)	(223, 7.0)	(224, 26.0)	(225, 8.0)	(226, 10.0)	(227, 16.0)	(228, 12.0)	(229, 18.0)	(230, 5.0)	(231, 3.0)	(232, 5.0)	(233, 3.0)	(234, 4.0)	(235, 2.0)	(236, 5.0)	(237, 1.0)	(238, 55.0)	(239, 3.0)	(240, 26.0)	(241, 35.0)	(242, 40.0)	(243, 114.0)	(244, 517.0)	(245, 11617.0)	(246, 15776.0)	(247, 11525.0)	(248, 2197.0)	(249, 2254.0)	(250, 7381.0)	
Fungus_100_2	(220, 1.0)	(221, 7.0)	(222, 4.0)	(223, 4.0)	(224, 4.0)	(225, 1.0)	(226, 1.0)	(227, 4.0)	(228, 2.0)	(229, 1.0)	(230, 0.0)	(231, 4.0)	(232, 1.0)	(233, 8.0)	(234, 0.0)	(235, 1.0)	(236, 6.0)	(237, 5.0)	(238, 6.0)	(239, 1.0)	(240, 1.0)	(241, 22.0)	(242, 24.0)	(243, 76.0)	(244, 306.0)	(245, 7608.0)	(246, 8260.0)	(247, 8299.0)	(248, 8767.0)	(249, 8916.0)	(250, 9336.0)
Fungus_110_1	(222, 1.0)	(223, 1.0)	(224, 1.0)	(225, 3.0)	(226, 1.0)	(227, 1.0)	(228, 0.0)	(229, 0.0)	(230, 0.0)	(231, 1.0)	(232, 2.0)	(233, 6.0)	(234, 4.0)	(235, 10.0)	(236, 9.0)	(237, 7.0)	(238, 15.0)	(239, 18.0)	(240, 47.0)	(241, 314.0)	(242, 1017.0)	(243, 50.0)	(244, 333.0)	(245, 12113.0)	(246, 15432.0)	(247, 11334.0)	(248, 2740.0)	(249, 2311.0)	(250, 7674.0)		
Fungus_110_2	(221, 1.0)	(222, 2.0)	(223, 4.0)	(224, 1.0)	(225, 1.0)	(226, 5.0)	(227, 1.0)	(228, 1.0)	(229, 6.0)	(230, 1.0)	(231, 1.0)	(232, 2.0)	(233, 8.0)	(234, 4.0)	(235, 3.0)	(236, 21.0)	(237, 9.0)	(238, 7.0)	(239, 34.0)	(240, 23.0)	(241, 10.0)	(242, 7.0)	(243, 60.0)	(244, 262.0)	(245, 7430.0)	(246, 8268.0)	(247, 8434.0)	(248, 9063.0)	(249, 9752.0)	(250, 10024.0)	
Fungus_11_1	(220, 8.0)	(221, 2.0)	(222, 6.0)	(223, 10.0)	(224, 4.0)	(225, 6.0)	(226, 7.0)	(227, 9.0)	(228, 11.0)	(229, 7.0)	(230, 7.0)	(231, 5.0)	(232, 10.0)	(233, 5.0)	(234, 5.0)	(235, 4.0)	(236, 3.0)	(237, 4.0)	(238, 17.0)	(239, 3.0)	(240, 10.0)	(241, 17.0)	(242, 56.0)	(243, 148.0)	(244, 857.0)	(245, 17752.0)	(246, 23887.0)	(247, 16105.0)	(248, 3326.0)	(249, 3895.0)	(250, 10092.0)
Fungus_11_2	(220, 32.0)	(221, 43.0)	(222, 143.0)	(223, 37.0)	(224, 43.0)	(225, 19.0)	(226, 57.0)	(227, 19.0)	(228, 16.0)	(229, 29.0)	(230, 112.0)	(231, 20.0)	(232, 36.0)	(233, 16.0)	(234, 23.0)	(235, 16.0)	(236, 6.0)	(237, 3.0)	(238, 2.0)	(239, 5.0)	(240, 12.0)	(241, 109.0)	(242, 760.0)	(243, 375.0)	(244, 1054.0)	(245, 12074.0)	(246, 11818.0)	(247, 11964.0)	(248, 12422.0)	(249, 12019.0)	(250, 12994.0)
Fungus_18_1	(220, 6.0)	(221, 1.0)	(222, 0.0)	(223, 8.0)	(224, 1.0)	(225, 0.0)	(226, 2.0)	(227, 2.0)	(228, 3.0)	(229, 6.0)	(230, 2.0)	(231, 2.0)	(232, 1.0)	(233, 3.0)	(234, 3.0)	(235, 1.0)	(236, 4.0)	(237, 2.0)	(238, 40.0)	(239, 3.0)	(240, 9.0)	(241, 20.0)	(242, 42.0)	(243, 48.0)	(244, 388.0)	(245, 12664.0)	(246, 16545.0)	(247, 11989.0)	(248, 2425.0)	(249, 2364.0)	(250, 7538.0)
Fungus_18_2	(220, 2.0)	(221, 2.0)	(222, 2.0)	(223, 1.0)	(224, 1.0)	(225, 1.0)	(226, 2.0)	(227, 3.0)	(228, 1.0)	(229, 1.0)	(230, 7.0)	(231, 2.0)	(232, 1.0)	(233, 7.0)	(234, 2.0)	(235, 2.0)	(236, 4.0)	(237, 4.0)	(238, 13.0)	(239, 1.0)	(240, 2.0)	(241, 7.0)	(242, 13.0)	(243, 47.0)	(244, 791.0)	(245, 7321.0)	(246, 8524.0)	(247, 8478.0)	(248, 8991.0)	(249, 9859.0)	(250, 10030.0)
Fungus_2093R_1	(220, 1.0)	(221, 0.0)	(222, 1.0)	(223, 0.0)	(224, 4.0)	(225, 1.0)	(226, 1.0)	(227, 2.0)	(228, 1.0)	(229, 2.0)	(230, 2.0)	(231, 2.0)	(232, 3.0)	(233, 3.0)	(234, 1.0)	(235, 2.0)	(236, 1.0)	(237, 0.0)	(238, 2.0)	(239, 1.0)	(240, 4.0)	(241, 5.0)	(242, 19.0)	(243, 110.0)	(244, 699.0)	(245, 12361.0)	(246, 16700.0)	(247, 11354.0)	(248, 2688.0)	(249, 3006.0)	(250, 6639.0)
Fungus_2093R_2	(221, 1.0)	(222, 0.0)	(223, 1.0)	(224, 0.0)	(225, 1.0)	(226, 2.0)	(227, 1.0)	(228, 1.0)	(229, 2.0)	(230, 0.0)	(231, 1.0)	(232, 3.0)	(233, 2.0)	(234, 4.0)	(235, 11.0)	(236, 4.0)	(237, 1.0)	(238, 2.0)	(239, 1.0)	(240, 3.0)	(241, 35.0)	(242, 63.0)	(243, 75.0)	(244, 401.0)	(245, 7628.0)	(246, 8486.0)	(247, 8515.0)	(248, 8959.0)	(249, 9638.0)	(250, 9774.0)	
Fungus_2137_1	(220, 7.0)	(221, 14.0)	(222, 7.0)	(223, 11.0)	(224, 18.0)	(225, 5.0)	(226, 5.0)	(227, 21.0)	(228, 19.0)	(229, 18.0)	(230, 16.0)	(231, 13.0)	(232, 1.0)	(233, 16.0)	(234, 58.0)	(235, 73.0)	(236, 66.0)	(237, 70.0)	(238, 50.0)	(239, 56.0)	(240, 0.0)	(241, 7.0)	(242, 15.0)	(243, 71.0)	(244, 454.0)	(245, 13353.0)	(246, 17372.0)	(247, 12040.0)	(248, 2336.0)	(249, 2483.0)	(250, 7821.0)
Fungus_2137_2	(220, 1.0)	(221, 0.0)	(222, 5.0)	(223, 11.0)	(224, 12.0)	(225, 13.0)	(226, 12.0)	(227, 2.0)	(228, 9.0)	(229, 10.0)	(230, 15.0)	(231, 10.0)	(232, 4.0)	(233, 3.0)	(234, 67.0)	(235, 18.0)	(236, 20.0)	(237, 59.0)	(238, 113.0)	(239, 85.0)	(240, 0.0)	(241, 4.0)	(242, 24.0)	(243, 37.0)	(244, 462.0)	(245, 7681.0)	(246, 9275.0)	(247, 8584.0)	(248, 9494.0)	(249, 10243.0)	(250, 10223.0)
Fungus_2146_1	(220, 3.0)	(221, 1.0)	(222, 3.0)	(223, 1.0)	(224, 1.0)	(225, 1.0)	(226, 0.0)	(227, 4.0)	(228, 0.0)	(229, 0.0)	(230, 0.0)	(231, 0.0)	(232, 0.0)	(233, 1.0)	(234, 4.0)	(235, 85.0)	(236, 96.0)	(237, 90.0)	(238, 100.0)	(239, 84.0)	(240, 90.0)	(241, 24.0)	(242, 36.0)	(243, 68.0)	(244, 598.0)	(245, 13641.0)	(246, 18955.0)	(247, 13062.0)	(248, 2534.0)	(249, 2373.0)	(250, 8674.0)
Fungus_2146_2	(220, 12.0)	(221, 13.0)	(222, 18.0)	(223, 18.0)	(224, 10.0)	(225, 8.0)	(226, 6.0)	(227, 10.0)	(228, 9.0)	(229, 13.0)	(230, 4.0)	(231, 16.0)	(232, 16.0)	(233, 15.0)	(234, 39.0)	(235, 65.0)	(236, 40.0)	(237, 70.0)	(238, 102.0)	(239, 165.0)	(240, 178.0)	(241, 236.0)	(242, 155.0)	(243, 394.0)	(244, 2077.0)	(245, 7373.0)	(246, 9121.0)	(247, 9445.0)	(248, 10322.0)	(249, 10923.0)	(250, 9656.0)
Fungus_2154_1	(220, 5.0)	(221, 14.0)	(222, 3.0)	(223, 10.0)	(224, 16.0)	(225, 9.0)	(226, 6.0)	(227, 8.0)	(228, 3.0)	(229, 15.0)	(230, 5.0)	(231, 9.0)	(232, 17.0)	(233, 14.0)	(234, 7.0)	(235, 9.0)	(236, 12.0)	(237, 17.0)	(238, 15.0)	(239, 15.0)	(240, 18.0)	(241, 20.0)	(242, 28.0)	(243, 116.0)	(244, 508.0)	(245, 11951.0)	(246, 16430.0)	(247, 11219.0)	(248, 2293.0)	(249, 2457.0)	(250, 7437.0)
Fungus_2154_2	(220, 2.0)	(221, 3.0)	(222, 9.0)	(223, 7.0)	(224, 10.0)	(225, 1.0)	(226, 1.0)	(227, 1.0)	(228, 0.0)	(229, 4.0)	(230, 4.0)	(231, 1.0)	(232, 6.0)	(233, 4.0)	(234, 10.0)	(235, 15.0)	(236, 8.0)	(237, 9.0)	(238, 6.0)	(239, 5.0)	(240, 15.0)	(241, 10.0)	(242, 32.0)	(243, 63.0)	(244, 318.0)	(245, 7617.0)	(246, 8506.0)	(247, 8299.0)	(248, 8925.0)	(249, 9481.0)	(250, 9314.0)
Fungus_2155_1	(220, 9.0)	(221, 7.0)	(222, 2.0)	(223, 9.0)	(224, 6.0)	(225, 6.0)	(226, 4.0)	(227, 1.0)	(228, 2.0)	(229, 9.0)	(230, 10.0)	(231, 6.0)	(232, 19.0)	(233, 6.0)	(234, 10.0)	(235, 0.0)	(236, 20.0)	(237, 12.0)	(238, 12.0)	(239, 11.0)	(240, 22.0)	(241, 11.0)	(242, 28.0)	(243, 138.0)	(244, 777.0)	(245, 16979.0)	(246, 17945.0)	(247, 17291.0)	(248, 8533.0)	(249, 5731.0)	(250, 12252.0)
Fungus_2155_2	(220, 1.0)	(221, 3.0)	(222, 3.0)	(223, 9.0)	(224, 2.0)	(225, 6.0)	(226, 2.0)	(227, 2.0)	(228, 3.0)	(229, 5.0)	(230, 7.0)	(231, 8.0)	(232, 4.0)	(233, 4.0)	(234, 2.0)	(235, 0.0)	(236, 5.0)	(237, 3.0)	(238, 0.0)	(239, 2.0)	(240, 3.0)	(241, 11.0)	(242, 14.0)	(243, 52.0)	(244, 304.0)	(245, 11875.0)	(246, 13221.0)	(247, 12528.0)	(248, 13207.0)	(249, 13927.0)	(250, 14655.0)
Fungus_2156_1	(220, 12.0)	(221, 8.0)	(222, 5.0)	(223, 0.0)	(224, 0.0)	(225, 2.0)	(226, 4.0)	(227, 2.0)	(228, 1.0)	(229, 2.0)	(230, 4.0)	(231, 4.0)	(232, 24.0)	(233, 90.0)	(234, 78.0)	(235, 65.0)	(236, 70.0)	(237, 83.0)	(238, 46.0)	(239, 18.0)	(240, 52.0)	(241, 48.0)	(242, 57.0)	(243, 122.0)	(244, 676.0)	(245, 15005.0)	(246, 20470.0)	(247, 14276.0)	(248, 2790.0)	(249, 3604.0)	(250, 8728.0)
Fungus_2156_2	(220, 16.0)	(221, 10.0)	(222, 0.0)	(223, 0.0)	(224, 2.0)	(225, 3.0)	(226, 0.0)	(227, 0.0)	(228, 5.0)	(229, 6.0)	(230, 7.0)	(231, 2.0)	(232, 18.0)	(233, 38.0)	(234, 38.0)	(235, 39.0)	(236, 113.0)	(237, 147.0)	(238, 70.0)	(239, 13.0)	(240, 37.0)	(241, 23.0)	(242, 27.0)	(243, 181.0)	(244, 369.0)	(245, 9468.0)	(246, 10644.0)	(247, 10497.0)	(248, 10796.0)	(249, 12298.0)	(250, 11479.0)
Fungus_21_1	(221, 5.0)	(222, 10.0)	(223, 11.0)	(224, 28.0)	(225, 3.0)	(226, 9.0)	(227, 9.0)	(228, 5.0)	(229, 2.0)	(230, 9.0)	(231, 1.0)	(232, 2.0)	(233, 0.0)	(234, 1.0)	(235, 1.0)	(236, 6.0)	(237, 11.0)	(238, 114.0)	(239, 4.0)	(240, 4.0)	(241, 9.0)	(242, 32.0)	(243, 102.0)	(244, 496.0)	(245, 15003.0)	(246, 19824.0)	(247, 14302.0)	(248, 2972.0)	(249, 2840.0)	(250, 8705.0)	
Fungus_21_2	(221, 3.0)	(222, 1.0)	(223, 1.0)	(224, 2.0)	(225, 4.0)	(226, 1.0)	(227, 4.0)	(228, 4.0)	(229, 4.0)	(230, 2.0)	(231, 0.0)	(232, 1.0)	(233, 1.0)	(234, 0.0)	(235, 0.0)	(236, 6.0)	(237, 6.0)	(238, 4.0)	(239, 10.0)	(240, 9.0)	(241, 11.0)	(242, 13.0)	(243, 55.0)	(244, 725.0)	(245, 9065.0)	(246, 10241.0)	(247, 10184.0)	(248, 11140.0)	(249, 11161.0)	(250, 11862.0)	
Fungus_23_1	(220, 1.0)	(221, 0.0)	(222, 0.0)	(223, 1.0)	(224, 8.0)	(225, 6.0)	(226, 5.0)	(227, 4.0)	(228, 5.0)	(229, 1.0)	(230, 0.0)	(231, 1.0)	(232, 0.0)	(233, 2.0)	(234, 7.0)	(235, 5.0)	(236, 12.0)	(237, 18.0)	(238, 434.0)	(239, 14.0)	(240, 7.0)	(241, 17.0)	(242, 41.0)	(243, 124.0)	(244, 930.0)	(245, 14581.0)	(246, 19669.0)	(247, 14277.0)	(248, 2905.0)	(249, 3095.0)	(250, 7740.0)
Fungus_23_2	(220, 3.0)	(221, 0.0)	(222, 1.0)	(223, 6.0)	(224, 4.0)	(225, 6.0)	(226, 5.0)	(227, 6.0)	(228, 4.0)	(229, 4.0)	(230, 1.0)	(231, 2.0)	(232, 3.0)	(233, 2.0)	(234, 5.0)	(235, 6.0)	(236, 3.0)	(237, 7.0)	(238, 13.0)	(239, 13.0)	(240, 23.0)	(241, 13.0)	(242, 28.0)	(243, 78.0)	(244, 590.0)	(245, 9185.0)	(246, 10209.0)	(247, 10085.0)	(248, 10678.0)	(249, 11608.0)	(250, 11319.0)
Fungus_26_1	(220, 1.0)	(221, 8.0)	(222, 1.0)	(223, 5.0)	(224, 3.0)	(225, 1.0)	(226, 3.0)	(227, 18.0)	(228, 10.0)	(229, 14.0)	(230, 4.0)	(231, 11.0)	(232, 15.0)	(233, 34.0)	(234, 9.0)	(235, 22.0)	(236, 17.0)	(237, 17.0)	(238, 55.0)	(239, 4.0)	(240, 1.0)	(241, 8.0)	(242, 27.0)	(243, 102.0)	(244, 645.0)	(245, 12815.0)	(246, 17291.0)	(247, 11943.0)	(248, 2495.0)	(249, 2399.0)	(250, 8166.0)
Fungus_26_2	(220, 4.0)	(221, 0.0)	(222, 2.0)	(223, 1.0)	(224, 0.0)	(225, 2.0)	(226, 0.0)	(227, 8.0)	(228, 5.0)	(229, 3.0)	(230, 16.0)	(231, 21.0)	(232, 13.0)	(233, 13.0)	(234, 5.0)	(235, 15.0)	(236, 29.0)	(237, 30.0)	(238, 33.0)	(239, 3.0)	(240, 1.0)	(241, 2.0)	(242, 19.0)	(243, 115.0)	(244, 554.0)	(245, 7677.0)	(246, 9041.0)	(247, 8831.0)	(248, 9243.0)	(249, 10259.0)	(250, 10199.0)
Fungus_42_1	(221, 1.0)	(222, 0.0)	(223, 0.0)	(224, 0.0)	(225, 0.0)	(226, 0.0)	(227, 2.0)	(228, 0.0)	(229, 1.0)	(230, 0.0)	(231, 0.0)	(232, 5.0)	(233, 3.0)	(234, 2.0)	(235, 9.0)	(236, 1.0)	(237, 2.0)	(238, 0.0)	(239, 2.0)	(240, 6.0)	(241, 1.0)	(242, 9.0)	(243, 61.0)	(244, 506.0)	(245, 11182.0)	(246, 15719.0)	(247, 11367.0)	(248, 2836.0)	(249, 2983.0)	(250, 6647.0)	
Fungus_42_2	(220, 1.0)	(221, 0.0)	(222, 4.0)	(223, 0.0)	(224, 4.0)	(225, 3.0)	(226, 1.0)	(227, 0.0)	(228, 0.0)	(229, 0.0)	(230, 2.0)	(231, 3.0)	(232, 5.0)	(233, 5.0)	(234, 1.0)	(235, 3.0)	(236, 10.0)	(237, 11.0)	(238, 2.0)	(239, 2.0)	(240, 7.0)	(241, 8.0)	(242, 26.0)	(243, 44.0)	(244, 231.0)	(245, 7467.0)	(246, 8106.0)	(247, 8093.0)	(248, 8868.0)	(249, 9161.0)	(250, 9277.0)
Fungus_45_1	(220, 9.0)	(221, 18.0)	(222, 7.0)	(223, 8.0)	(224, 19.0)	(225, 3.0)	(226, 6.0)	(227, 8.0)	(228, 6.0)	(229, 18.0)	(230, 8.0)	(231, 11.0)	(232, 6.0)	(233, 1.0)	(234, 13.0)	(235, 8.0)	(236, 11.0)	(237, 37.0)	(238, 677.0)	(239, 15.0)	(240, 99.0)	(241, 89.0)	(242, 118.0)	(243, 284.0)	(244, 1094.0)	(245, 15457.0)	(246, 20428.0)	(247, 14029.0)	(248, 2870.0)	(249, 3046.0)	(250, 9457.0)
Fungus_45_2	(220, 2.0)	(221, 2.0)	(222, 14.0)	(223, 4.0)	(224, 6.0)	(225, 1.0)	(226, 3.0)	(227, 2.0)	(228, 6.0)	(229, 20.0)	(230, 17.0)	(231, 10.0)	(232, 6.0)	(233, 3.0)	(234, 9.0)	(235, 3.0)	(236, 9.0)	(237, 20.0)	(238, 19.0)	(239, 18.0)	(240, 58.0)	(241, 38.0)	(242, 145.0)	(243, 206.0)	(244, 868.0)	(245, 9154.0)	(246, 10748.0)	(247, 10737.0)	(248, 11326.0)	(249, 12308.0)	(250, 12098.0)
Fungus_4_1	(220, 4.0)	(221, 3.0)	(222, 2.0)	(223, 5.0)	(224, 2.0)	(225, 0.0)	(226, 13.0)	(227, 7.0)	(228, 14.0)	(229, 4.0)	(230, 6.0)	(231, 12.0)	(232, 3.0)	(233, 11.0)	(234, 7.0)	(235, 7.0)	(236, 16.0)	(237, 4.0)	(238, 16.0)	(239, 9.0)	(240, 81.0)	(241, 2397.0)	(242, 2257.0)	(243, 2171.0)	(244, 2521.0)	(245, 15717.0)	(246, 15944.0)	(247, 13523.0)	(248, 8064.0)	(249, 6019.0)	(250, 10970.0)
Fungus_4_2	(220, 1.0)	(221, 0.0)	(222, 0.0)	(223, 0.0)	(224, 0.0)	(225, 1.0)	(226, 3.0)	(227, 1.0)	(228, 3.0)	(229, 1.0)	(230, 4.0)	(231, 1.0)	(232, 5.0)	(233, 4.0)	(234, 6.0)	(235, 5.0)	(236, 6.0)	(237, 3.0)	(238, 6.0)	(239, 12.0)	(240, 80.0)	(241, 2074.0)	(242, 1182.0)	(243, 1540.0)	(244, 3003.0)	(245, 12895.0)	(246, 13168.0)	(247, 10181.0)	(248, 11328.0)	(249, 11883.0)	(250, 12413.0)
Fungus_70_1	(220, 1.0)	(221, 1.0)	(222, 1.0)	(223, 0.0)	(224, 1.0)	(225, 4.0)	(226, 2.0)	(227, 0.0)	(228, 2.0)	(229, 0.0)	(230, 2.0)	(231, 2.0)	(232, 4.0)	(233, 4.0)	(234, 1.0)	(235, 10.0)	(236, 12.0)	(237, 9.0)	(238, 6.0)	(239, 3.0)	(240, 19.0)	(241, 22.0)	(242, 26.0)	(243, 80.0)	(244, 390.0)	(245, 15254.0)	(246, 18940.0)	(247, 15108.0)	(248, 3373.0)	(249, 2128.0)	(250, 10506.0)
Fungus_70_2	(220, 2.0)	(221, 1.0)	(222, 1.0)	(223, 1.0)	(224, 1.0)	(225, 0.0)	(226, 5.0)	(227, 1.0)	(228, 0.0)	(229, 2.0)	(230, 0.0)	(231, 2.0)	(232, 2.0)	(233, 1.0)	(234, 3.0)	(235, 3.0)	(236, 4.0)	(237, 5.0)	(238, 5.0)	(239, 9.0)	(240, 24.0)	(241, 9.0)	(242, 14.0)	(243, 39.0)	(244, 329.0)	(245, 8902.0)	(246, 10447.0)	(247, 10684.0)	(248, 11294.0)	(249, 11671.0)	(250, 12450.0)
Fungus_71_1	(220, 3.0)	(221, 2.0)	(222, 1.0)	(223, 2.0)	(224, 3.0)	(225, 10.0)	(226, 25.0)	(227, 43.0)	(228, 24.0)	(229, 13.0)	(230, 15.0)	(231, 20.0)	(232, 1.0)	(233, 2.0)	(234, 7.0)	(235, 1.0)	(236, 10.0)	(237, 20.0)	(238, 822.0)	(239, 14.0)	(240, 16.0)	(241, 41.0)	(242, 29.0)	(243, 181.0)	(244, 732.0)	(245, 12357.0)	(246, 14666.0)	(247, 12444.0)	(248, 2578.0)	(249, 2020.0)	(250, 8257.0)
Fungus_71_2	(221, 4.0)	(222, 2.0)	(223, 2.0)	(224, 9.0)	(225, 8.0)	(226, 17.0)	(227, 15.0)	(228, 15.0)	(229, 49.0)	(230, 19.0)	(231, 26.0)	(232, 1.0)	(233, 3.0)	(234, 7.0)	(235, 3.0)	(236, 6.0)	(237, 11.0)	(238, 9.0)	(239, 10.0)	(240, 10.0)	(241, 10.0)	(242, 31.0)	(243, 56.0)	(244, 270.0)	(245, 8017.0)	(246, 9056.0)	(247, 7842.0)	(248, 9145.0)	(249, 9713.0)	(250, 9993.0)	
Fungus_72_1	(220, 15.0)	(221, 39.0)	(222, 35.0)	(223, 23.0)	(224, 126.0)	(225, 41.0)	(226, 25.0)	(227, 33.0)	(228, 21.0)	(229, 42.0)	(230, 6.0)	(231, 10.0)	(232, 14.0)	(233, 9.0)	(234, 6.0)	(235, 11.0)	(236, 0.0)	(237, 4.0)	(238, 6.0)	(239, 19.0)	(240, 10.0)	(241, 26.0)	(242, 30.0)	(243, 92.0)	(244, 455.0)	(245, 12399.0)	(246, 15690.0)	(247, 11585.0)	(248, 2260.0)	(249, 2177.0)	(250, 7756.0)
Fungus_72_2	(220, 15.0)	(221, 9.0)	(222, 3.0)	(223, 5.0)	(224, 2.0)	(225, 16.0)	(226, 9.0)	(227, 15.0)	(228, 5.0)	(229, 4.0)	(230, 3.0)	(231, 17.0)	(232, 20.0)	(233, 17.0)	(234, 2.0)	(235, 3.0)	(236, 2.0)	(237, 4.0)	(238, 5.0)	(239, 5.0)	(240, 2.0)	(241, 9.0)	(242, 9.0)	(243, 50.0)	(244, 277.0)	(245, 7694.0)	(246, 8293.0)	(247, 8220.0)	(248, 8996.0)	(249, 9688.0)	(250, 9566.0)
Fungus_76_1	(220, 2.0)	(221, 3.0)	(222, 4.0)	(223, 0.0)	(224, 1.0)	(225, 0.0)	(226, 3.0)	(227, 0.0)	(228, 0.0)	(229, 1.0)	(230, 2.0)	(231, 1.0)	(232, 2.0)	(233, 0.0)	(234, 3.0)	(235, 16.0)	(236, 1.0)	(237, 1.0)	(238, 1.0)	(239, 5.0)	(240, 103.0)	(241, 100.0)	(242, 147.0)	(243, 145.0)	(244, 575.0)	(245, 11581.0)	(246, 14946.0)	(247, 11781.0)	(248, 3016.0)	(249, 2195.0)	(250, 7334.0)
Fungus_76_2	(220, 2.0)	(221, 3.0)	(222, 2.0)	(223, 6.0)	(224, 1.0)	(225, 2.0)	(226, 0.0)	(227, 1.0)	(228, 2.0)	(229, 2.0)	(230, 4.0)	(231, 7.0)	(232, 3.0)	(233, 2.0)	(234, 4.0)	(235, 2.0)	(236, 2.0)	(237, 0.0)	(238, 3.0)	(239, 13.0)	(240, 90.0)	(241, 42.0)	(242, 53.0)	(243, 184.0)	(244, 474.0)	(245, 7606.0)	(246, 8453.0)	(247, 8420.0)	(248, 8782.0)	(249, 9155.0)	(250, 8649.0)
Fungus_79_1	(220, 1.0)	(221, 0.0)	(222, 3.0)	(223, 2.0)	(224, 20.0)	(225, 35.0)	(226, 34.0)	(227, 51.0)	(228, 75.0)	(229, 101.0)	(230, 65.0)	(231, 32.0)	(232, 39.0)	(233, 80.0)	(234, 95.0)	(235, 85.0)	(236, 78.0)	(237, 107.0)	(238, 141.0)	(239, 96.0)	(240, 234.0)	(241, 228.0)	(242, 203.0)	(243, 176.0)	(244, 442.0)	(245, 13141.0)	(246, 17367.0)	(247, 12939.0)	(248, 2308.0)	(249, 2113.0)	(250, 9110.0)
Fungus_79_2	(222, 4.0)	(223, 3.0)	(224, 20.0)	(225, 19.0)	(226, 26.0)	(227, 25.0)	(228, 75.0)	(229, 67.0)	(230, 50.0)	(231, 51.0)	(232, 105.0)	(233, 117.0)	(234, 23.0)	(235, 39.0)	(236, 113.0)	(237, 161.0)	(238, 142.0)	(239, 40.0)	(240, 156.0)	(241, 155.0)	(242, 178.0)	(243, 322.0)	(244, 454.0)	(245, 8074.0)	(246, 9256.0)	(247, 9231.0)	(248, 9704.0)	(249, 10606.0)	(250, 10185.0)		
Fungus_7_1	(220, 72.0)	(221, 41.0)	(222, 15.0)	(223, 13.0)	(224, 13.0)	(225, 7.0)	(226, 26.0)	(227, 13.0)	(228, 18.0)	(229, 22.0)	(230, 2.0)	(231, 19.0)	(232, 16.0)	(233, 11.0)	(234, 2.0)	(235, 4.0)	(236, 21.0)	(237, 5.0)	(238, 6.0)	(239, 4.0)	(240, 6.0)	(241, 38.0)	(242, 22.0)	(243, 81.0)	(244, 532.0)	(245, 12162.0)	(246, 16324.0)	(247, 11508.0)	(248, 2176.0)	(249, 2133.0)	(250, 7906.0)
Fungus_7_2	(222, 1.0)	(223, 0.0)	(224, 1.0)	(225, 2.0)	(226, 4.0)	(227, 0.0)	(228, 3.0)	(229, 1.0)	(230, 2.0)	(231, 1.0)	(232, 5.0)	(233, 4.0)	(234, 1.0)	(235, 1.0)	(236, 6.0)	(237, 3.0)	(238, 6.0)	(239, 1.0)	(240, 8.0)	(241, 16.0)	(242, 42.0)	(243, 50.0)	(244, 485.0)	(245, 7335.0)	(246, 8496.0)	(247, 8418.0)	(248, 9074.0)	(249, 9689.0)	(250, 9563.0)		
Fungus_80_1	(220, 10.0)	(221, 6.0)	(222, 21.0)	(223, 4.0)	(224, 114.0)	(225, 12.0)	(226, 14.0)	(227, 37.0)	(228, 71.0)	(229, 8.0)	(230, 29.0)	(231, 4.0)	(232, 10.0)	(233, 2.0)	(234, 64.0)	(235, 10.0)	(236, 9.0)	(237, 32.0)	(238, 7.0)	(239, 11.0)	(240, 23.0)	(241, 3.0)	(242, 16.0)	(243, 58.0)	(244, 324.0)	(245, 11484.0)	(246, 14974.0)	(247, 11933.0)	(248, 2359.0)	(249, 1996.0)	(250, 8268.0)
Fungus_80_2	(220, 5.0)	(221, 2.0)	(222, 0.0)	(223, 0.0)	(224, 1.0)	(225, 1.0)	(226, 0.0)	(227, 5.0)	(228, 1.0)	(229, 0.0)	(230, 4.0)	(231, 9.0)	(232, 10.0)	(233, 4.0)	(234, 3.0)	(235, 4.0)	(236, 0.0)	(237, 7.0)	(238, 6.0)	(239, 9.0)	(240, 7.0)	(241, 6.0)	(242, 17.0)	(243, 57.0)	(244, 352.0)	(245, 7472.0)	(246, 8005.0)	(247, 8423.0)	(248, 8759.0)	(249, 9333.0)	(250, 9411.0)
Fungus_82_1	(220, 20.0)	(221, 19.0)	(222, 23.0)	(223, 40.0)	(224, 47.0)	(225, 17.0)	(226, 98.0)	(227, 50.0)	(228, 25.0)	(229, 54.0)	(230, 26.0)	(231, 17.0)	(232, 22.0)	(233, 14.0)	(234, 10.0)	(235, 18.0)	(236, 23.0)	(237, 10.0)	(238, 20.0)	(239, 19.0)	(240, 13.0)	(241, 28.0)	(242, 59.0)	(243, 241.0)	(244, 1324.0)	(245, 17969.0)	(246, 24039.0)	(247, 17283.0)	(248, 3636.0)	(249, 3650.0)	(250, 11215.0)
Fungus_82_2	(220, 1.0)	(221, 12.0)	(222, 16.0)	(223, 13.0)	(224, 4.0)	(225, 2.0)	(226, 2.0)	(227, 2.0)	(228, 6.0)	(229, 7.0)	(230, 8.0)	(231, 2.0)	(232, 3.0)	(233, 10.0)	(234, 5.0)	(235, 3.0)	(236, 10.0)	(237, 5.0)	(238, 10.0)	(239, 14.0)	(240, 11.0)	(241, 14.0)	(242, 46.0)	(243, 128.0)	(244, 830.0)	(245, 11509.0)	(246, 12543.0)	(247, 12691.0)	(248, 13317.0)	(249, 14356.0)	(250, 14449.0)
Fungus_85_1	(220, 4.0)	(221, 7.0)	(222, 9.0)	(223, 10.0)	(224, 8.0)	(225, 2.0)	(226, 2.0)	(227, 3.0)	(228, 2.0)	(229, 17.0)	(230, 8.0)	(231, 12.0)	(232, 7.0)	(233, 6.0)	(234, 9.0)	(235, 2.0)	(236, 42.0)	(237, 39.0)	(238, 23.0)	(239, 43.0)	(240, 24.0)	(241, 47.0)	(242, 29.0)	(243, 78.0)	(244, 709.0)	(245, 18602.0)	(246, 25383.0)	(247, 16812.0)	(248, 3390.0)	(249, 4283.0)	(250, 10524.0)
Fungus_85_2	(221, 9.0)	(222, 10.0)	(223, 12.0)	(224, 4.0)	(225, 5.0)	(226, 3.0)	(227, 2.0)	(228, 3.0)	(229, 2.0)	(230, 2.0)	(231, 4.0)	(232, 0.0)	(233, 5.0)	(234, 3.0)	(235, 6.0)	(236, 20.0)	(237, 14.0)	(238, 13.0)	(239, 44.0)	(240, 47.0)	(241, 43.0)	(242, 21.0)	(243, 42.0)	(244, 480.0)	(245, 11548.0)	(246, 12512.0)	(247, 12927.0)	(248, 13305.0)	(249, 14398.0)	(250, 14652.0)	
Fungus_89_1	(220, 14.0)	(221, 21.0)	(222, 19.0)	(223, 22.0)	(224, 20.0)	(225, 22.0)	(226, 20.0)	(227, 31.0)	(228, 24.0)	(229, 36.0)	(230, 16.0)	(231, 62.0)	(232, 32.0)	(233, 38.0)	(234, 11.0)	(235, 39.0)	(236, 32.0)	(237, 4.0)	(238, 14.0)	(239, 13.0)	(240, 6.0)	(241, 22.0)	(242, 44.0)	(243, 109.0)	(244, 861.0)	(245, 11700.0)	(246, 16240.0)	(247, 11750.0)	(248, 2274.0)	(249, 2181.0)	(250, 7848.0)
Fungus_89_2	(220, 6.0)	(221, 6.0)	(222, 11.0)	(223, 14.0)	(224, 4.0)	(225, 0.0)	(226, 7.0)	(227, 15.0)	(228, 14.0)	(229, 17.0)	(230, 25.0)	(231, 37.0)	(232, 15.0)	(233, 5.0)	(234, 22.0)	(235, 39.0)	(236, 23.0)	(237, 4.0)	(238, 5.0)	(239, 7.0)	(240, 2.0)	(241, 11.0)	(242, 28.0)	(243, 51.0)	(244, 341.0)	(245, 7438.0)	(246, 8657.0)	(247, 8199.0)	(248, 9179.0)	(249, 9811.0)	(250, 9532.0)
Fungus_93_1	(220, 4.0)	(221, 3.0)	(222, 2.0)	(223, 2.0)	(224, 3.0)	(225, 0.0)	(226, 0.0)	(227, 2.0)	(228, 1.0)	(229, 2.0)	(230, 0.0)	(231, 1.0)	(232, 0.0)	(233, 1.0)	(234, 7.0)	(235, 4.0)	(236, 19.0)	(237, 20.0)	(238, 24.0)	(239, 18.0)	(240, 39.0)	(241, 385.0)	(242, 507.0)	(243, 399.0)	(244, 709.0)	(245, 12945.0)	(246, 15337.0)	(247, 11727.0)	(248, 2251.0)	(249, 2291.0)	(250, 7026.0)
Fungus_93_2	(220, 1.0)	(221, 4.0)	(222, 3.0)	(223, 2.0)	(224, 1.0)	(225, 0.0)	(226, 3.0)	(227, 3.0)	(228, 3.0)	(229, 2.0)	(230, 2.0)	(231, 4.0)	(232, 1.0)	(233, 4.0)	(234, 7.0)	(235, 6.0)	(236, 16.0)	(237, 5.0)	(238, 18.0)	(239, 24.0)	(240, 23.0)	(241, 274.0)	(242, 101.0)	(243, 132.0)	(244, 742.0)	(245, 8115.0)	(246, 8498.0)	(247, 8187.0)	(248, 8602.0)	(249, 9514.0)	(250, 9432.0)
Fungus_95_1	(220, 20.0)	(221, 14.0)	(222, 1.0)	(223, 14.0)	(224, 14.0)	(225, 7.0)	(226, 1.0)	(227, 0.0)	(228, 3.0)	(229, 2.0)	(230, 0.0)	(231, 0.0)	(232, 1.0)	(233, 1.0)	(234, 3.0)	(235, 1.0)	(236, 5.0)	(237, 12.0)	(238, 11.0)	(239, 9.0)	(240, 43.0)	(241, 205.0)	(242, 833.0)	(243, 51.0)	(244, 374.0)	(245, 13181.0)	(246, 16697.0)	(247, 11986.0)	(248, 2559.0)	(249, 2473.0)	(250, 6877.0)
Fungus_95_2	(220, 13.0)	(221, 14.0)	(222, 3.0)	(223, 14.0)	(224, 21.0)	(225, 15.0)	(226, 2.0)	(227, 2.0)	(228, 5.0)	(229, 6.0)	(230, 3.0)	(231, 2.0)	(232, 1.0)	(233, 11.0)	(234, 2.0)	(235, 1.0)	(236, 6.0)	(237, 16.0)	(238, 2.0)	(239, 6.0)	(240, 10.0)	(241, 16.0)	(242, 20.0)	(243, 48.0)	(244, 530.0)	(245, 7595.0)	(246, 8880.0)	(247, 8770.0)	(248, 9500.0)	(249, 9634.0)	(250, 10250.0)
Fungus_99_1	(220, 1.0)	(221, 8.0)	(222, 6.0)	(223, 3.0)	(224, 1.0)	(225, 9.0)	(226, 6.0)	(227, 10.0)	(228, 14.0)	(229, 13.0)	(230, 22.0)	(231, 3.0)	(232, 4.0)	(233, 9.0)	(234, 7.0)	(235, 9.0)	(236, 3.0)	(237, 11.0)	(238, 4.0)	(239, 2.0)	(240, 9.0)	(241, 10.0)	(242, 26.0)	(243, 92.0)	(244, 668.0)	(245, 12657.0)	(246, 16914.0)	(247, 12217.0)	(248, 2593.0)	(249, 2731.0)	(250, 7323.0)
Fungus_99_2	(220, 2.0)	(221, 3.0)	(222, 5.0)	(223, 3.0)	(224, 9.0)	(225, 8.0)	(226, 4.0)	(227, 8.0)	(228, 11.0)	(229, 34.0)	(230, 16.0)	(231, 3.0)	(232, 0.0)	(233, 12.0)	(234, 15.0)	(235, 9.0)	(236, 3.0)	(237, 6.0)	(238, 1.0)	(239, 4.0)	(240, 11.0)	(241, 12.0)	(242, 12.0)	(243, 50.0)	(244, 291.0)	(245, 7902.0)	(246, 8948.0)	(247, 8637.0)	(248, 9208.0)	(249, 10336.0)	(250, 9822.0)
Fungus_B_1	(220, 2.0)	(221, 1.0)	(222, 3.0)	(223, 3.0)	(224, 3.0)	(225, 1.0)	(226, 7.0)	(227, 7.0)	(228, 5.0)	(229, 4.0)	(230, 2.0)	(231, 3.0)	(232, 3.0)	(233, 6.0)	(234, 2.0)	(235, 5.0)	(236, 4.0)	(237, 6.0)	(238, 8.0)	(239, 11.0)	(240, 13.0)	(241, 23.0)	(242, 47.0)	(243, 79.0)	(244, 700.0)	(245, 18142.0)	(246, 24915.0)	(247, 17568.0)	(248, 3912.0)	(249, 3992.0)	(250, 10474.0)
Fungus_B_2	(220, 3.0)	(221, 3.0)	(222, 1.0)	(223, 0.0)	(224, 2.0)	(225, 3.0)	(226, 1.0)	(227, 3.0)	(228, 3.0)	(229, 5.0)	(230, 3.0)	(231, 5.0)	(232, 2.0)	(233, 8.0)	(234, 6.0)	(235, 6.0)	(236, 1.0)	(237, 2.0)	(238, 41.0)	(239, 5.0)	(240, 6.0)	(241, 3.0)	(242, 15.0)	(243, 52.0)	(244, 313.0)	(245, 11539.0)	(246, 12918.0)	(247, 12235.0)	(248, 13165.0)	(249, 14749.0)	(250, 14853.0)
Fungus_C_1	(221, 1.0)	(222, 0.0)	(223, 0.0)	(224, 0.0)	(225, 0.0)	(226, 3.0)	(227, 2.0)	(228, 0.0)	(229, 2.0)	(230, 4.0)	(231, 1.0)	(232, 2.0)	(233, 0.0)	(234, 1.0)	(235, 1.0)	(236, 2.0)	(237, 0.0)	(238, 0.0)	(239, 8.0)	(240, 5.0)	(241, 3.0)	(242, 12.0)	(243, 126.0)	(244, 1515.0)	(245, 15785.0)	(246, 17240.0)	(247, 17545.0)	(248, 9798.0)	(249, 6242.0)	(250, 11499.0)	
Fungus_C_2	(220, 3.0)	(221, 2.0)	(222, 0.0)	(223, 1.0)	(224, 0.0)	(225, 1.0)	(226, 1.0)	(227, 0.0)	(228, 1.0)	(229, 5.0)	(230, 5.0)	(231, 4.0)	(232, 4.0)	(233, 9.0)	(234, 6.0)	(235, 3.0)	(236, 7.0)	(237, 2.0)	(238, 9.0)	(239, 2.0)	(240, 2.0)	(241, 3.0)	(242, 42.0)	(243, 60.0)	(244, 319.0)	(245, 11407.0)	(246, 12986.0)	(247, 13227.0)	(248, 13088.0)	(249, 14204.0)	(250, 14394.0)
Fungus_I_1	(220, 17.0)	(221, 14.0)	(222, 20.0)	(223, 41.0)	(224, 62.0)	(225, 19.0)	(226, 30.0)	(227, 22.0)	(228, 16.0)	(229, 35.0)	(230, 14.0)	(231, 16.0)	(232, 18.0)	(233, 18.0)	(234, 13.0)	(235, 10.0)	(236, 25.0)	(237, 12.0)	(238, 5.0)	(239, 16.0)	(240, 9.0)	(241, 32.0)	(242, 40.0)	(243, 134.0)	(244, 720.0)	(245, 16948.0)	(246, 18431.0)	(247, 18245.0)	(248, 7887.0)	(249, 5078.0)	(250, 11947.0)
Fungus_I_2	(220, 1.0)	(221, 1.0)	(222, 2.0)	(223, 1.0)	(224, 0.0)	(225, 2.0)	(226, 1.0)	(227, 10.0)	(228, 1.0)	(229, 3.0)	(230, 5.0)	(231, 8.0)	(232, 6.0)	(233, 3.0)	(234, 2.0)	(235, 4.0)	(236, 5.0)	(237, 7.0)	(238, 3.0)	(239, 7.0)	(240, 7.0)	(241, 19.0)	(242, 19.0)	(243, 72.0)	(244, 436.0)	(245, 11943.0)	(246, 12940.0)	(247, 12446.0)	(248, 12952.0)	(249, 14566.0)	(250, 14422.0)
Fungus_M6_1	(220, 5.0)	(221, 0.0)	(222, 3.0)	(223, 3.0)	(224, 2.0)	(225, 1.0)	(226, 2.0)	(227, 2.0)	(228, 1.0)	(229, 0.0)	(230, 3.0)	(231, 2.0)	(232, 5.0)	(233, 1.0)	(234, 2.0)	(235, 1.0)	(236, 4.0)	(237, 1.0)	(238, 3.0)	(239, 7.0)	(240, 6.0)	(241, 15.0)	(242, 42.0)	(243, 112.0)	(244, 737.0)	(245, 18767.0)	(246, 23358.0)	(247, 15473.0)	(248, 3397.0)	(249, 3586.0)	(250, 8870.0)
Fungus_M6_2	(220, 5.0)	(221, 0.0)	(222, 4.0)	(223, 0.0)	(224, 1.0)	(225, 0.0)	(226, 1.0)	(227, 1.0)	(228, 0.0)	(229, 5.0)	(230, 0.0)	(231, 1.0)	(232, 3.0)	(233, 4.0)	(234, 3.0)	(235, 6.0)	(236, 6.0)	(237, 6.0)	(238, 4.0)	(239, 3.0)	(240, 3.0)	(241, 8.0)	(242, 16.0)	(243, 57.0)	(244, 414.0)	(245, 11005.0)	(246, 12246.0)	(247, 11505.0)	(248, 12439.0)	(249, 13518.0)	(250, 13147.0)
Fungus_Q_1	(220, 1.0)	(221, 1.0)	(222, 1.0)	(223, 0.0)	(224, 6.0)	(225, 6.0)	(226, 2.0)	(227, 3.0)	(228, 4.0)	(229, 5.0)	(230, 16.0)	(231, 3.0)	(232, 3.0)	(233, 6.0)	(234, 7.0)	(235, 8.0)	(236, 9.0)	(237, 3.0)	(238, 4.0)	(239, 2.0)	(240, 10.0)	(241, 19.0)	(242, 26.0)	(243, 77.0)	(244, 1025.0)	(245, 17859.0)	(246, 24725.0)	(247, 17246.0)	(248, 3621.0)	(249, 3612.0)	(250, 11689.0)
Fungus_Q_2	(220, 2.0)	(221, 3.0)	(222, 1.0)	(223, 0.0)	(224, 0.0)	(225, 0.0)	(226, 3.0)	(227, 1.0)	(228, 0.0)	(229, 2.0)	(230, 3.0)	(231, 4.0)	(232, 4.0)	(233, 4.0)	(234, 3.0)	(235, 4.0)	(236, 4.0)	(237, 1.0)	(238, 2.0)	(239, 2.0)	(240, 11.0)	(241, 5.0)	(242, 13.0)	(243, 66.0)	(244, 547.0)	(245, 11866.0)	(246, 12904.0)	(247, 12443.0)	(248, 13057.0)	(249, 14157.0)	(250, 14887.0)
Fungus_R_1	(220, 22.0)	(221, 39.0)	(222, 59.0)	(223, 80.0)	(224, 58.0)	(225, 52.0)	(226, 47.0)	(227, 58.0)	(228, 35.0)	(229, 41.0)	(230, 24.0)	(231, 37.0)	(232, 40.0)	(233, 181.0)	(234, 40.0)	(235, 85.0)	(236, 64.0)	(237, 121.0)	(238, 25.0)	(239, 33.0)	(240, 139.0)	(241, 59.0)	(242, 89.0)	(243, 164.0)	(244, 784.0)	(245, 17899.0)	(246, 23710.0)	(247, 17253.0)	(248, 3541.0)	(249, 3402.0)	(250, 11994.0)
Fungus_R_2	(221, 2.0)	(222, 4.0)	(223, 0.0)	(224, 5.0)	(225, 2.0)	(226, 2.0)	(227, 3.0)	(228, 4.0)	(229, 3.0)	(230, 3.0)	(231, 3.0)	(232, 4.0)	(233, 5.0)	(234, 6.0)	(235, 13.0)	(236, 5.0)	(237, 15.0)	(238, 6.0)	(239, 16.0)	(240, 8.0)	(241, 15.0)	(242, 27.0)	(243, 74.0)	(244, 427.0)	(245, 11406.0)	(246, 12884.0)	(247, 12986.0)	(248, 12828.0)	(249, 14582.0)	(250, 14837.0)	
