Sample	0	1	2	3	4	5	6	7	8	9	10	11	12	13	14	15
Fungus_006R_1	(1.0, 1.6923867667891037)	(2.0, 1.1056926876355475)	(3.0, 0.827389085985784)	(4.0, 0.6619112687886272)	(5.0, 0.507716030036731)	(6.0, 0.42121626195639916)	(7.0, 0.3597888904210909)	(8.0, 0.32092667577630407)	(9.0, 0.29334703957677793)	('>10', 4.662212137547168)	('>50', 1.0705913324725143)	('>100', 7.361255625618974)	('>500', 3.442440045631762)	('>1k', 34.31032105203776)	('>5k', 6.99770587571613)	('>10k+', 35.96509922400933)
Fungus_006R_2	(1.0, 2.361819754541238)	(2.0, 1.5043437927014254)	(3.0, 1.0643232333362584)	(4.0, 0.6518823101706176)	(5.0, 0.4701074352191954)	(6.0, 0.3610425102483421)	(7.0, 0.2983615188857827)	(8.0, 0.18052125512417105)	(9.0, 0.2594993042409959)	('>10', 3.4136067896049846)	('>50', 0.347252692148579)	('>100', 7.659617144504757)	('>500', 12.733016585390313)	('>1k', 33.33375120660909)	('>5k', 0.0)	('>10k+', 35.36085446727426)
Fungus_034R_1	(1.0, 2.0011954870364375)	(2.0, 1.140693880600732)	(3.0, 0.7920101616398096)	(4.0, 0.6027247142038804)	(5.0, 0.4732136185898234)	(6.0, 0.3661179049089686)	(7.0, 0.5055913924933377)	(8.0, 0.26898458319842594)	(9.0, 0.3362307289980324)	('>10', 5.36599337500934)	('>50', 1.6886254389678963)	('>100', 7.699683694054943)	('>500', 4.011108067046898)	('>1k', 27.796318896166973)	('>5k', 0.0)	('>10k+', 46.95150805708451)
Fungus_034R_2	(1.0, 2.5839954172996937)	(2.0, 1.4171502577768922)	(3.0, 0.9825409080720281)	(4.0, 0.697367437921845)	(5.0, 0.6288759931259496)	(6.0, 0.4856666085527135)	(7.0, 0.32253244003885334)	(8.0, 0.3088341510796742)	(9.0, 0.2353615102986227)	('>10', 3.749595277826206)	('>50', 1.0796742297825708)	('>100', 7.5838708874000655)	('>500', 4.880326766456626)	('>1k', 23.19618440387537)	('>5k', 20.035615551293866)	('>10k+', 31.812408159199023)
Fungus_044R_1	(1.0, 2.400392702282582)	(2.0, 1.4464534075104312)	(3.0, 1.011208377648695)	(4.0, 0.9163053260247075)	(5.0, 0.7199541847336988)	(6.0, 0.3927022825820175)	(7.0, 0.42379121328642727)	(8.0, 0.366522130409883)	(9.0, 0.32397938313016444)	('>10', 5.826720117810685)	('>50', 2.9845373476233332)	('>100', 17.25926531947967)	('>500', 9.063241430090812)	('>1k', 14.685429109056697)	('>5k', 9.833919659658022)	('>10k+', 32.34557800867218)
Fungus_044R_2	(1.0, 2.4036652213040988)	(2.0, 1.3188251656712755)	(3.0, 0.8099484578254111)	(4.0, 0.6741389184324634)	(5.0, 0.44997136545856176)	(6.0, 0.32397938313016444)	(7.0, 0.26343778123210343)	(8.0, 0.27489159780741224)	(9.0, 0.22089503395238486)	('>10', 3.7879407674057104)	('>50', 1.8702446207968584)	('>100', 12.865908533093348)	('>500', 9.778286836292235)	('>1k', 29.801194469442855)	('>5k', 0.0)	('>10k+', 35.15667184815512)
Fungus_049R_1	(1.0, 1.066236463432725)	(2.0, 0.6156356623646343)	(3.0, 0.32821539830885627)	(4.0, 0.3115264797507788)	(5.0, 0.2966918854769322)	(6.0, 0.1557632398753894)	(7.0, 0.1687435098650052)	(8.0, 0.23735350838154576)	(9.0, 0.21695594125500667)	('>10', 3.8013647826731938)	('>50', 1.5594867230381249)	('>100', 5.663106364040944)	('>500', 2.3828067052366118)	('>1k', 4.06097018246551)	('>5k', 16.538718291054742)	('>10k+', 62.59642486278)
Fungus_049R_2	(1.0, 0.9141818721257973)	(2.0, 0.3449043168669337)	(3.0, 0.2892745883400089)	(4.0, 0.3931167482569352)	(5.0, 0.3245067497403946)	(6.0, 0.26702269692923897)	(7.0, 0.22066458982346834)	(8.0, 0.38569945112001186)	(9.0, 0.18357810413885178)	('>10', 4.01646639964397)	('>50', 0.43947485536270586)	('>100', 0.40424269396232015)	('>500', 1.620679424417742)	('>1k', 0.0)	('>5k', 0.0)	('>10k+', 90.19618750927162)
Fungus_060R_1	(1.0, 1.6962450962077338)	(2.0, 1.1034310978267636)	(3.0, 0.7995516532785354)	(4.0, 0.6027772588579613)	(5.0, 0.49193598605143535)	(6.0, 0.30637025966747616)	(7.0, 0.27897129335575066)	(8.0, 0.28893455383274175)	(9.0, 0.08966934429291985)	('>10', 5.514664674014572)	('>50', 1.8917740830686842)	('>100', 9.08649355501588)	('>500', 5.495983560620213)	('>1k', 19.295099321252877)	('>5k', 0.0)	('>10k+', 53.05809826265645)
Fungus_060R_2	(1.0, 2.503269194844013)	(2.0, 1.5343421134566286)	(3.0, 0.9191107790024287)	(4.0, 0.627685410050439)	(5.0, 0.473254872657077)	(6.0, 0.3586773771716794)	(7.0, 0.3312784108599539)	(8.0, 0.29889781430973283)	(9.0, 0.2577993648421446)	('>10', 3.9317516657326106)	('>50', 1.530605890777757)	('>100', 11.116507877202816)	('>500', 7.464972912385578)	('>1k', 16.712124042592936)	('>5k', 6.68036614982253)	('>10k+', 45.25935612429167)
Fungus_100_1	(1.0, 2.302809815001161)	(2.0, 1.5287560956730397)	(3.0, 1.224940010836752)	(4.0, 0.8746807028407771)	(5.0, 0.8321077482777304)	(6.0, 0.5921510952860128)	(7.0, 0.4470160229119901)	(8.0, 0.47991330598343523)	(9.0, 0.452821425806951)	('>10', 5.886678535490363)	('>50', 3.2626364269680317)	('>100', 14.660577444074619)	('>500', 5.350646334855639)	('>1k', 24.899373016487345)	('>5k', 15.306912299713602)	('>10k+', 21.897979719792556)
Fungus_100_2	(1.0, 1.9641613127951079)	(2.0, 1.2539670253115567)	(3.0, 0.9288644631937456)	(4.0, 0.8901617772273395)	(5.0, 0.5708646180044895)	(6.0, 0.4295998142271074)	(7.0, 0.31155662202956885)	(8.0, 0.4953943803699977)	(9.0, 0.36574038238253737)	('>10', 3.490982274169827)	('>50', 0.7605077792398792)	('>100', 12.121681244678381)	('>500', 6.370462110070439)	('>1k', 13.199551048842789)	('>5k', 36.47147612044276)	('>10k+', 20.375029027014474)
Fungus_110_1	(1.0, 1.8729535036018337)	(2.0, 0.9729628590139396)	(3.0, 0.7128824024698288)	(4.0, 0.6211993638319767)	(5.0, 0.43034895687155017)	(6.0, 0.2918888577041818)	(7.0, 0.3798297314996726)	(8.0, 0.3592478248666854)	(9.0, 0.2862756104406399)	('>10', 6.009916736832258)	('>50', 2.2340724108897)	('>100', 9.106558143886238)	('>500', 0.9972869304892881)	('>1k', 9.518196276545982)	('>5k', 21.747590981382732)	('>10k+', 44.45878940967349)
Fungus_110_2	(1.0, 1.7793993825428012)	(2.0, 1.00290017775283)	(3.0, 0.7690148751052484)	(4.0, 0.538871737300028)	(5.0, 0.44905978108335676)	(6.0, 0.5051922537187763)	(7.0, 0.4453176162409954)	(8.0, 0.22452989054167838)	(9.0, 0.20207690148751054)	('>10', 4.606604920946768)	('>50', 1.790625877069885)	('>100', 6.322387501169427)	('>500', 3.719711853307138)	('>1k', 19.515389652914212)	('>5k', 9.899897090466835)	('>10k+', 48.22902048835252)
Fungus_11_1	(1.0, 1.664962374472325)	(2.0, 1.16416266813498)	(3.0, 0.8927869110359474)	(4.0, 0.8495241091795799)	(5.0, 0.6030572379978499)	(6.0, 0.3932981986942499)	(7.0, 0.3579013608117675)	(8.0, 0.32512651092058)	(9.0, 0.37756627074647997)	('>10', 6.2403314192821)	('>50', 2.869765856472377)	('>100', 8.964576942237604)	('>500', 7.358609297569417)	('>1k', 16.262880516007236)	('>5k', 0.0)	('>10k+', 51.6754503264375)
Fungus_11_2	(1.0, 1.6728283384462097)	(2.0, 1.0042214006659849)	(3.0, 0.9439156768661999)	(4.0, 0.6764729017541099)	(5.0, 0.4195180786072)	(6.0, 0.385432234720365)	(7.0, 0.39460919268989747)	(8.0, 0.2097590393036)	(9.0, 0.31857154094234247)	('>10', 5.468155955845722)	('>50', 1.3752327014342274)	('>100', 6.63362961797635)	('>500', 3.206691313353785)	('>1k', 11.26930438658591)	('>5k', 8.585699677495477)	('>10k+', 57.43595794331262)
Fungus_18_1	(1.0, 1.4356453937400686)	(2.0, 0.8129780865452126)	(3.0, 0.6097335649089095)	(4.0, 0.4286611729056576)	(5.0, 0.388012268578397)	(6.0, 0.21063523151398691)	(7.0, 0.15520490743135879)	(8.0, 0.13303277779830752)	(9.0, 0.23280736114703818)	('>10', 5.036768781641476)	('>50', 2.5442518753926313)	('>100', 10.306344924429991)	('>500', 2.4167621300025868)	('>1k', 10.566867447618344)	('>5k', 0.0)	('>10k+', 64.72229407634603)
Fungus_18_2	(1.0, 1.2397915819814493)	(2.0, 0.6577731791138539)	(3.0, 0.654077824175012)	(4.0, 0.4064890432726063)	(5.0, 0.4434425926610251)	(6.0, 0.4323565278444995)	(7.0, 0.41387975315029013)	(8.0, 0.4286611729056576)	(9.0, 0.36584013894534567)	('>10', 4.183141790769004)	('>50', 1.069805254794723)	('>100', 3.044972469605706)	('>500', 1.6444329477846347)	('>1k', 3.2001773770370647)	('>5k', 25.2559033295148)	('>10k+', 56.55925501644433)
Fungus_2093R_1	(1.0, 2.4079082346358294)	(2.0, 1.3802107619136437)	(3.0, 1.0407535204700178)	(4.0, 0.7460598713046722)	(5.0, 0.6528023873915881)	(6.0, 0.36929963629581275)	(7.0, 0.5091858621654388)	(8.0, 0.2984239485218689)	(9.0, 0.5203767602350089)	('>10', 5.979669868506948)	('>50', 4.493145574932388)	('>100', 10.485871491187169)	('>500', 11.067798190804812)	('>1k', 15.14874568684137)	('>5k', 9.54397090366502)	('>10k+', 35.35577730112841)
Fungus_2093R_2	(1.0, 2.365009792035811)	(2.0, 0.940035437843887)	(3.0, 0.7721719668003357)	(4.0, 0.4849389163480369)	(5.0, 0.46628741956542014)	(6.0, 0.4252541266436632)	(7.0, 0.2611209549566353)	(8.0, 0.268581553669682)	(9.0, 0.2014361652522615)	('>10', 2.204606919705306)	('>50', 0.589387298330691)	('>100', 12.552457334701108)	('>500', 7.372936678168424)	('>1k', 24.10705959153222)	('>5k', 11.522894712300662)	('>10k+', 35.465821132145855)
Fungus_2137_1	(1.0, 1.4797507788161994)	(2.0, 1.072642310960068)	(3.0, 0.8124468988954971)	(4.0, 0.637213254035684)	(5.0, 0.7257150948739733)	(6.0, 0.5097706032285472)	(7.0, 0.37170773152081565)	(8.0, 0.2690455961483999)	(9.0, 0.33453695836873404)	('>10', 6.264160294534127)	('>50', 3.2073067119796095)	('>100', 10.052039082412914)	('>500', 0.0)	('>1k', 20.6333191730388)	('>5k', 23.527329368450864)	('>10k+', 30.10301614273577)
Fungus_2137_2	(1.0, 1.7629566694987255)	(2.0, 1.2284055508354574)	(3.0, 0.9186491079014444)	(4.0, 0.7009345794392523)	(5.0, 0.7257150948739733)	(6.0, 0.520390824129142)	(7.0, 0.4336590201076182)	(8.0, 0.22656471254602095)	(9.0, 0.20709430756159727)	('>10', 3.3701500991220614)	('>50', 2.0550127442650807)	('>100', 7.262461059190032)	('>500', 2.690455961483999)	('>1k', 25.591192296799775)	('>5k', 21.773222883035967)	('>10k+', 30.533135089209857)
Fungus_2146_1	(1.0, 1.068909117943465)	(2.0, 0.6542318558046556)	(3.0, 0.5650184209222026)	(4.0, 0.3832873498653538)	(5.0, 0.2725966065852732)	(6.0, 0.2379024930198748)	(7.0, 0.2197293859141899)	(8.0, 0.21146888268433311)	(9.0, 0.1189512465099374)	('>10', 4.098861702654926)	('>50', 2.1873812552660707)	('>100', 8.348064564093246)	('>500', 1.3861124419699646)	('>1k', 5.8616530919063585)	('>5k', 0.0)	('>10k+', 74.38583158486016)
Fungus_2146_2	(1.0, 0.9664788778932412)	(2.0, 0.49232599249946307)	(3.0, 0.36676634340564024)	(4.0, 0.21146888268433311)	(5.0, 0.25607560012555963)	(6.0, 0.16851426588907795)	(7.0, 0.2544234994795883)	(8.0, 0.1850352723487915)	(9.0, 0.19329577557864824)	('>10', 5.860000991260388)	('>50', 0.9796956830610122)	('>100', 3.122470220885856)	('>500', 3.514018073981067)	('>1k', 2.208858563663698)	('>5k', 0.0)	('>10k+', 81.22057195724364)
Fungus_2154_1	(1.0, 2.7388680104771668)	(2.0, 1.7386022852370648)	(3.0, 1.2071518050335952)	(4.0, 0.8275443191739741)	(5.0, 0.7402345974262613)	(6.0, 0.6035759025167976)	(7.0, 0.5447367422085564)	(8.0, 0.5010818813346999)	(9.0, 0.5978817902289033)	('>10', 7.406142049121208)	('>50', 4.712826936947197)	('>100', 11.758341874501765)	('>500', 2.623087727289982)	('>1k', 28.941274721937514)	('>5k', 9.902061268648216)	('>10k+', 25.156588087917093)
Fungus_2154_2	(1.0, 2.3744448240519302)	(2.0, 1.3058497513570968)	(3.0, 0.9452226397904566)	(4.0, 0.6073719773753938)	(5.0, 0.7687051588657328)	(6.0, 0.45552898303154543)	(7.0, 0.34544281213225525)	(8.0, 0.197395892647003)	(9.0, 0.18790570550051247)	('>10', 3.0862088600387203)	('>50', 3.146946057776259)	('>100', 14.354857077781574)	('>500', 2.5794328664161257)	('>1k', 8.605701704437612)	('>5k', 41.24435333864784)	('>10k+', 19.794632350149946)
Fungus_2155_1	(1.0, 1.611408824560525)	(2.0, 0.9966444633645516)	(3.0, 0.8301196975008764)	(4.0, 0.590975108929734)	(5.0, 0.3568387839935894)	(6.0, 0.33805779536234787)	(7.0, 0.14023138177993688)	(8.0, 0.21034707266990535)	(9.0, 0.13522311814493915)	('>10', 3.8200530875945313)	('>50', 3.051284619622377)	('>100', 7.804126809235239)	('>500', 4.696499223719137)	('>1k', 23.77798367306055)	('>5k', 0.0)	('>10k+', 51.64020634046176)
Fungus_2155_2	(1.0, 2.4114789402514147)	(2.0, 1.3246857314569038)	(3.0, 0.8188511043221315)	(4.0, 0.6460660089147092)	(5.0, 0.5696899884809936)	(6.0, 0.4507437271497971)	(7.0, 0.2979916862823659)	(8.0, 0.34056192717984674)	(9.0, 0.2591776431111334)	('>10', 4.431061251064256)	('>50', 2.7119747583512797)	('>100', 11.431361746882356)	('>500', 7.5286723093103625)	('>1k', 14.246005909751089)	('>5k', 8.137176340962588)	('>10k+', 44.39450092652877)
Fungus_2156_1	(1.0, 1.9564103337051215)	(2.0, 1.537394869321436)	(3.0, 1.008350164290236)	(4.0, 0.9887559159557472)	(5.0, 0.69333494106653)	(6.0, 0.6330449461911796)	(7.0, 0.5275374551593163)	(8.0, 0.3979139661773129)	(9.0, 0.4612184607964308)	('>10', 6.473638199740753)	('>50', 3.4772254544358367)	('>100', 13.290929370271003)	('>500', 5.162330811201881)	('>1k', 22.95240104904591)	('>5k', 10.027733397642661)	('>10k+', 30.411780664998645)
Fungus_2156_2	(1.0, 2.107135320893498)	(2.0, 1.3354233864890122)	(3.0, 1.134959153528472)	(4.0, 0.8440599282549061)	(5.0, 0.6028999487535044)	(6.0, 0.4702619600277334)	(7.0, 0.4009284659210804)	(8.0, 0.3255659723268924)	(9.0, 0.27130497693907696)	('>10', 3.159195731468363)	('>50', 1.5705543665028787)	('>100', 12.213245711874114)	('>500', 6.197811473186024)	('>1k', 16.04316763633075)	('>5k', 32.97109094745727)	('>10k+', 20.352395020046423)
Fungus_21_1	(1.0, 1.4429634221946683)	(2.0, 0.8493490390576566)	(3.0, 0.6742095474271544)	(4.0, 0.42157470551766896)	(5.0, 0.4107253564786113)	(6.0, 0.30688158710477376)	(7.0, 0.3037817730936144)	(8.0, 0.29758214507129577)	(9.0, 0.23713577185368878)	('>10', 5.4308741475511475)	('>50', 2.5604463732176073)	('>100', 10.249535027898327)	('>500', 2.8456292622442656)	('>1k', 13.437693738375698)	('>5k', 0.0)	('>10k+', 60.53161810291382)
Fungus_21_2	(1.0, 1.8490390576565405)	(2.0, 1.0198388096714197)	(3.0, 0.8090514569125853)	(4.0, 0.5579665220086795)	(5.0, 0.4417234965902046)	(6.0, 0.39057656540607566)	(7.0, 0.32548047117172973)	(8.0, 0.3223806571605704)	(9.0, 0.3487290762554247)	('>10', 2.876627402355859)	('>50', 2.569745815251085)	('>100', 11.057036577805333)	('>500', 4.798512089274644)	('>1k', 14.573775573465591)	('>5k', 10.209237445753255)	('>10k+', 47.850278983261)
Fungus_23_1	(1.0, 2.439367861054608)	(2.0, 1.1797840713503365)	(3.0, 0.755750273822563)	(4.0, 0.569550930996714)	(5.0, 0.49288061336254113)	(6.0, 0.39430449069003287)	(7.0, 0.3614457831325301)	(8.0, 0.2879048662181192)	(9.0, 0.26756376153966516)	('>10', 6.2400250352057585)	('>50', 3.1090596150837113)	('>100', 12.894695665780004)	('>500', 2.2625567203880457)	('>1k', 5.125958378970427)	('>5k', 21.841652323580035)	('>10k+', 41.77749960882491)
Fungus_23_2	(1.0, 2.2218745110311375)	(2.0, 0.907526208731028)	(3.0, 0.6900328587075575)	(4.0, 0.5194805194805194)	(5.0, 0.5163511187607573)	(6.0, 0.36613988421217336)	(7.0, 0.5038335158817087)	(8.0, 0.3630104834924112)	(9.0, 0.25348145830073543)	('>10', 3.9680801126584258)	('>50', 0.4209043968080113)	('>100', 8.081677358785793)	('>500', 2.246909716789235)	('>1k', 5.132217180409952)	('>5k', 40.258175559380376)	('>10k+', 33.55030511657018)
Fungus_26_1	(1.0, 2.126674266172699)	(2.0, 1.2182958107722999)	(3.0, 0.9671558848674835)	(4.0, 0.719578227415218)	(5.0, 0.6412083214591051)	(6.0, 0.40609860359076655)	(7.0, 0.49871758335708183)	(8.0, 0.3419777714448561)	(9.0, 0.35266457680250785)	('>10', 6.730906241094329)	('>50', 3.918495297805643)	('>100', 9.960102593331435)	('>500', 3.038614990025648)	('>1k', 29.814405813622113)	('>5k', 14.202764320319181)	('>10k+', 25.062339697919633)
Fungus_26_2	(1.0, 1.9788401253918495)	(2.0, 0.9297520661157025)	(3.0, 0.6251781134226275)	(4.0, 0.4844685095468795)	(5.0, 0.46309489883157595)	(6.0, 0.41678540894841837)	(7.0, 0.2618267312624679)	(8.0, 0.1852379595326304)	(9.0, 0.09618124821886577)	('>10', 2.7358221715588487)	('>50', 2.5594898831575947)	('>100', 10.994941578797377)	('>500', 5.45917640353377)	('>1k', 20.319179253348533)	('>5k', 9.97257053291536)	('>10k+', 42.5174551154175)
Fungus_42_1	(1.0, 2.3819261856071674)	(2.0, 1.6320966014217546)	(3.0, 1.2854221443178497)	(4.0, 1.10624208783718)	(5.0, 0.8861622358554875)	(6.0, 0.7712532865907099)	(7.0, 0.5589638718473074)	(8.0, 0.5297497322037199)	(9.0, 0.5609114811568799)	('>10', 5.840880319407927)	('>50', 2.6409582237803098)	('>100', 13.939039828610381)	('>500', 7.835232252410167)	('>1k', 31.582432564027656)	('>5k', 28.448729184925504)	('>10k+', 0.0)
Fungus_42_2	(1.0, 2.42282598110819)	(2.0, 1.4334404518453598)	(3.0, 1.1218229623137599)	(4.0, 0.9036907196416399)	(5.0, 0.7303534910896874)	(6.0, 0.60765410458662)	(7.0, 0.5453306066803)	(8.0, 0.37394098743792)	(9.0, 0.36809815950920244)	('>10', 3.4784302268964846)	('>50', 1.0322329340734249)	('>100', 6.245983055799006)	('>500', 11.730450871555167)	('>1k', 26.45827247054241)	('>5k', 14.28766189502386)	('>10k+', 28.259811081896974)
Fungus_45_1	(1.0, 2.4417919245505453)	(2.0, 1.0698496905393458)	(3.0, 0.8134394341290893)	(4.0, 0.5540819333922783)	(5.0, 0.39050987326849396)	(6.0, 0.33598585322723257)	(7.0, 0.47450633657530206)	(8.0, 0.4361921603300914)	(9.0, 0.3183023872679045)	('>10', 5.837017388741526)	('>50', 2.82640730916593)	('>100', 10.814913056292367)	('>500', 2.158856469201297)	('>1k', 21.320365458296493)	('>5k', 8.324491600353669)	('>10k+', 41.88328912466843)
Fungus_45_2	(1.0, 2.4344238137341585)	(2.0, 0.9106984969053935)	(3.0, 0.627763041556145)	(4.0, 0.3713527851458886)	(5.0, 0.22841143530798702)	(6.0, 0.27409372236958446)	(7.0, 0.1856763925729443)	(8.0, 0.27114647804302977)	(9.0, 0.1724137931034483)	('>10', 3.4541703507220753)	('>50', 1.1759504862953138)	('>100', 8.670792808723842)	('>500', 4.982316534040672)	('>1k', 27.69378131447097)	('>5k', 0.0)	('>10k+', 48.547008547008545)
Fungus_4_1	(1.0, 1.4822889649037077)	(2.0, 0.9021538924181484)	(3.0, 0.6503025974514153)	(4.0, 0.436041048002105)	(5.0, 0.3633675400017542)	(6.0, 0.36086155696725936)	(7.0, 0.21927351551829996)	(8.0, 0.22052650703554738)	(9.0, 0.12404616020749538)	('>10', 4.418048089814432)	('>50', 1.6451778621458732)	('>100', 3.706348908017892)	('>500', 8.763422671628513)	('>1k', 14.074853713240362)	('>5k', 6.807502913205278)	('>10k+', 55.825784059441915)
Fungus_4_2	(1.0, 2.118808655665401)	(2.0, 0.9823453495219837)	(3.0, 0.7104461902792918)	(4.0, 0.5112205390369507)	(5.0, 0.6014359282787656)	(6.0, 0.37589745517422846)	(7.0, 0.3420666842085479)	(8.0, 0.29069403200140337)	(9.0, 0.3946923279329399)	('>10', 4.108559185054317)	('>50', 1.52990264255911)	('>100', 6.144670400581388)	('>500', 10.309614203911838)	('>1k', 8.698267112731648)	('>5k', 0.0)	('>10k+', 62.88137929306219)
Fungus_70_1	(1.0, 0.9740407519230477)	(2.0, 0.4946063631260336)	(3.0, 0.33226623780552567)	(4.0, 0.2973706968487809)	(5.0, 0.19723566627725267)	(6.0, 0.2548891687275265)	(7.0, 0.12744458436376324)	(8.0, 0.12137579463215548)	(9.0, 0.1638573227534099)	('>10', 4.164706953315835)	('>50', 2.392620351686365)	('>100', 5.786591009088013)	('>500', 0.0)	('>1k', 9.18814765365417)	('>5k', 0.0)	('>10k+', 75.50484744579812)
Fungus_70_2	(1.0, 0.91335285460697)	(2.0, 0.47943438879701417)	(3.0, 0.30040509171458485)	(4.0, 0.30950827631199646)	(5.0, 0.17447770478372351)	(6.0, 0.1638573227534099)	(7.0, 0.10620382030313606)	(8.0, 0.14565095355858657)	(9.0, 0.1365477689611749)	('>10', 5.2358483409446075)	('>50', 1.7614662195991564)	('>100', 2.605027992292637)	('>500', 0.9027324725766565)	('>1k', 6.326713295201104)	('>5k', 0.0)	('>10k+', 80.43877349759524)
Fungus_71_1	(1.0, 1.5783954818889236)	(2.0, 0.9418863481668168)	(3.0, 0.6125940506631836)	(4.0, 0.6181129159844736)	(5.0, 0.4691035523096451)	(6.0, 0.4194337644180357)	(7.0, 0.36056586765760956)	(8.0, 0.27962250961202373)	(9.0, 0.21523574753030777)	('>10', 5.754336908331647)	('>50', 3.062970253315918)	('>100', 6.893062786291139)	('>500', 6.076270718740227)	('>1k', 8.55424124799941)	('>5k', 15.040747622288858)	('>10k+', 49.12342022480178)
Fungus_71_2	(1.0, 1.9628764326054562)	(2.0, 1.1847164223035744)	(3.0, 0.871980720763811)	(4.0, 0.6181129159844736)	(5.0, 0.4691035523096451)	(6.0, 0.44150922570319545)	(7.0, 0.36056586765760956)	(8.0, 0.38264132894276937)	(9.0, 0.2317923434941776)	('>10', 3.86320572490296)	('>50', 0.8572637465737044)	('>100', 6.582166706525139)	('>500', 1.6519803528394563)	('>1k', 19.78145293327692)	('>5k', 22.81314961643886)	('>10k+', 37.92748210967825)
Fungus_72_1	(1.0, 2.30718398942698)	(2.0, 1.5481922023978099)	(3.0, 1.2914188615123194)	(4.0, 1.0195412064570943)	(5.0, 0.6985745303502312)	(6.0, 0.713678844519966)	(7.0, 0.4890021712451619)	(8.0, 0.392712168413103)	(9.0, 0.4587935429056924)	('>10', 6.492967053714717)	('>50', 2.2637590861889927)	('>100', 17.396393844991977)	('>500', 6.357028226187104)	('>1k', 19.901821957896722)	('>5k', 17.539884829604453)	('>10k+', 21.129047484187673)
Fungus_72_2	(1.0, 2.7055602756537334)	(2.0, 1.5368639667705088)	(3.0, 1.1384876805437554)	(4.0, 0.8609459076748797)	(5.0, 0.6136127631454734)	(6.0, 0.3738317757009346)	(7.0, 0.356839422259983)	(8.0, 0.21146039837628625)	(9.0, 0.1869158878504673)	('>10', 3.4343434343434343)	('>50', 1.8125177003681676)	('>100', 15.378079864061172)	('>500', 11.299915038232795)	('>1k', 28.747285943547624)	('>5k', 11.415085433777023)	('>10k+', 19.92825450769376)
Fungus_76_1	(1.0, 2.428370759491235)	(2.0, 1.858800438723085)	(3.0, 1.3565779599376553)	(4.0, 0.9082337547384017)	(5.0, 0.8177952240758913)	(6.0, 0.5195404952952721)	(7.0, 0.45796532548249924)	(8.0, 0.4156323962362178)	(9.0, 0.3636783467066905)	('>10', 5.591795108622448)	('>50', 2.8343820354442073)	('>100', 10.462006196001463)	('>500', 10.388885681848794)	('>1k', 43.78571840905155)	('>5k', 17.81061786834459)	('>10k+', 0.0)
Fungus_76_2	(1.0, 3.117242971771633)	(2.0, 1.9242240566491562)	(3.0, 1.5239854528661316)	(4.0, 1.008293405684158)	(5.0, 0.750447382093171)	(6.0, 0.4271777405761127)	(7.0, 0.3636783467066905)	(8.0, 0.2924820566106717)	(9.0, 0.2078161981181089)	('>10', 2.3571744693952166)	('>50', 1.970405434008736)	('>100', 11.849371740845505)	('>500', 11.941734495564663)	('>1k', 62.26596624911005)	('>5k', 0.0)	('>10k+', 0.0)
Fungus_79_1	(1.0, 2.0168010639551524)	(2.0, 1.3501456204441002)	(3.0, 1.2323024864901264)	(4.0, 0.8080672042558206)	(5.0, 0.8417366710998131)	(6.0, 0.5151428427130856)	(7.0, 0.4831568492112927)	(8.0, 0.48484032255349235)	(9.0, 0.4090840221545091)	('>10', 6.727159475429706)	('>50', 3.900607733876534)	('>100', 11.235501085840307)	('>500', 7.134560024242016)	('>1k', 16.602414100772712)	('>5k', 29.332839514486288)	('>10k+', 16.925640982475045)
Fungus_79_2	(1.0, 2.526893486641639)	(2.0, 1.5824649416676488)	(3.0, 1.1666470261443411)	(4.0, 0.7609299506742311)	(5.0, 0.5976330364808673)	(6.0, 0.5050420026598879)	(7.0, 0.3535294018619215)	(8.0, 0.4983081092910894)	(9.0, 0.24242016127674618)	('>10', 4.536960657227993)	('>50', 3.311392064106665)	('>100', 11.109240585175334)	('>500', 3.193548930152691)	('>1k', 27.743640679449843)	('>5k', 24.065251426743657)	('>10k+', 17.80609754044545)
Fungus_7_1	(1.0, 2.305610883535646)	(2.0, 1.311586305385396)	(3.0, 0.9470479912811456)	(4.0, 0.7290766282085008)	(5.0, 0.5261377729339698)	(6.0, 0.5749934232778383)	(7.0, 0.3551429967304296)	(8.0, 0.3006501559622684)	(9.0, 0.4904355669134503)	('>10', 5.674771693787816)	('>50', 3.2075613514224512)	('>100', 10.443834792739299)	('>500', 2.8542974181667855)	('>1k', 28.338156262918563)	('>5k', 0.0)	('>10k+', 41.94069675673644)
Fungus_7_2	(1.0, 2.4014431207486187)	(2.0, 1.078582434514638)	(3.0, 0.7779322785523695)	(4.0, 0.6013003119245368)	(5.0, 0.33823142545755197)	(6.0, 0.4171520913976474)	(7.0, 0.24991544214363562)	(8.0, 0.3307151715584952)	(9.0, 0.1352925701830208)	('>10', 2.350708406929986)	('>50', 1.745649968055921)	('>100', 11.283776165958887)	('>500', 7.792476229847043)	('>1k', 30.431432973805855)	('>5k', 0.0)	('>10k+', 40.06539140892179)
Fungus_80_1	(1.0, 1.70670159690251)	(2.0, 1.2675052491668755)	(3.0, 1.0459807755282877)	(4.0, 0.6857627183942365)	(5.0, 0.741625411746576)	(6.0, 0.5201009381079883)	(7.0, 0.39103885346637646)	(8.0, 0.4314911486525533)	(9.0, 0.22537707318012828)	('>10', 5.437944252884634)	('>50', 1.970604665498045)	('>100', 11.59632462003737)	('>500', 5.374376360449213)	('>1k', 27.48059252980949)	('>5k', 10.556122743821392)	('>10k+', 30.568451062354324)
Fungus_80_2	(1.0, 2.201760637990484)	(2.0, 1.3329994413730666)	(3.0, 1.0228651782790439)	(4.0, 0.8706874963881879)	(5.0, 0.7801514071619825)	(6.0, 0.4391963477356346)	(7.0, 0.512395739024907)	(8.0, 0.21574557432627664)	(9.0, 0.19070367730626242)	('>10', 3.093637431857146)	('>50', 1.4909560225762333)	('>100', 11.501935931269625)	('>500', 7.171614046577929)	('>1k', 31.72037832527498)	('>5k', 16.693313813495656)	('>10k+', 20.761658929362586)
Fungus_82_1	(1.0, 2.3466493396143897)	(2.0, 1.1945669694735659)	(3.0, 0.7984605580477077)	(4.0, 0.6897499656374565)	(5.0, 0.49981881567931624)	(6.0, 0.3973559584650564)	(7.0, 0.4111009758962376)	(8.0, 0.3898586762298667)	(9.0, 0.3036399305251846)	('>10', 5.667945369803446)	('>50', 2.940184183233578)	('>100', 8.000849691986653)	('>500', 5.011933174224343)	('>1k', 22.469354858863664)	('>5k', 7.44854990066101)	('>10k+', 41.42998163165853)
Fungus_82_2	(1.0, 2.4741031376126155)	(2.0, 0.9496557497907008)	(3.0, 0.7047445301078359)	(4.0, 0.5797898261880068)	(5.0, 0.44358919891539317)	(6.0, 0.322383136113159)	(7.0, 0.23616439040847695)	(8.0, 0.17993477364455385)	(9.0, 0.17993477364455385)	('>10', 2.0142698271876447)	('>50', 2.5265841132589437)	('>100', 6.471404116007948)	('>500', 9.84018293368654)	('>1k', 18.109685239100827)	('>5k', 18.278374089392596)	('>10k+', 36.68920016494021)
Fungus_85_1	(1.0, 1.3714185883997205)	(2.0, 0.8710192672456823)	(3.0, 0.7112908056304282)	(4.0, 0.434261755016472)	(5.0, 0.44923629829290207)	(6.0, 0.3968253968253968)	(7.0, 0.33193570929419985)	(8.0, 0.3593890386343217)	(9.0, 0.3032345013477089)	('>10', 5.2872616551861835)	('>50', 2.51821902765299)	('>100', 7.199011680143756)	('>500', 3.3118698213037834)	('>1k', 15.35015473694719)	('>5k', 8.50429270240591)	('>10k+', 52.600579015673354)
Fungus_85_2	(1.0, 1.4962064490366376)	(2.0, 0.8635319956074673)	(3.0, 0.5840071877807728)	(4.0, 0.5440750723769592)	(5.0, 0.5615453728661276)	(6.0, 0.40431266846361186)	(7.0, 0.3668763102725367)	(8.0, 0.4292702405909953)	(9.0, 0.3593890386343217)	('>10', 3.4778376759508838)	('>50', 0.7986423080762703)	('>100', 5.520614954577219)	('>500', 3.261954677049016)	('>1k', 15.639662573624838)	('>5k', 0.0)	('>10k+', 65.69207347509234)
Fungus_89_1	(1.0, 2.326015880429706)	(2.0, 1.2442783745913126)	(3.0, 1.0537132181223727)	(4.0, 0.919196637085474)	(5.0, 0.7099486221391873)	(6.0, 0.5829051844932275)	(7.0, 0.7062120504437178)	(8.0, 0.34376459598318543)	(9.0, 0.4708080336291453)	('>10', 5.546940681924335)	('>50', 2.1522652965903784)	('>100', 6.230733302195236)	('>500', 2.482951891639421)	('>1k', 41.66464269033162)	('>5k', 33.56562354040168)	('>10k+', 0.0)
Fungus_89_2	(1.0, 2.531527323680523)	(2.0, 1.203176085941149)	(3.0, 0.919196637085474)	(4.0, 0.560485754320411)	(5.0, 0.5137786081270435)	(6.0, 0.4147594581971042)	(7.0, 0.3007940214852873)	(8.0, 0.14946286781877627)	(9.0, 0.18496029892573565)	('>10', 1.9673049976646428)	('>50', 1.5730966837926204)	('>100', 10.783745913124708)	('>500', 5.840261560018683)	('>1k', 35.42830453059318)	('>5k', 11.187295656235403)	('>10k+', 26.441849602989258)
Fungus_93_1	(1.0, 2.214818812931564)	(2.0, 1.4480075936645016)	(3.0, 0.9882931005602188)	(4.0, 0.9380409090063095)	(5.0, 0.7444769119097694)	(6.0, 0.558357683932327)	(7.0, 0.6383889519626272)	(8.0, 0.5658024530514247)	(9.0, 0.3852668019133057)	('>10', 5.71386029890748)	('>50', 3.247780528206369)	('>100', 7.690446500027918)	('>500', 5.475627687096353)	('>1k', 32.825848238381504)	('>5k', 12.293175007910067)	('>10k+', 24.271808520538258)
Fungus_93_2	(1.0, 2.2650710044854736)	(2.0, 1.2507212120084126)	(3.0, 0.9268737553276628)	(4.0, 0.6625844515996948)	(5.0, 0.4280742243481174)	(6.0, 0.3796832250739824)	(7.0, 0.364793686835787)	(8.0, 0.29779076476390776)	(9.0, 0.2847624188054868)	('>10', 2.882986841370582)	('>50', 2.328351541997804)	('>100', 6.190325522529733)	('>500', 9.594446202237153)	('>1k', 30.0898955871131)	('>5k', 12.252228777755029)	('>10k+', 29.801410783748068)
Fungus_95_1	(1.0, 1.787068125203076)	(2.0, 1.0361384887541065)	(3.0, 0.7364886819018738)	(4.0, 0.5704177046102747)	(5.0, 0.42420303982093216)	(6.0, 0.4765515000541536)	(7.0, 0.4169825625473844)	(8.0, 0.28881909094191127)	(9.0, 0.19495288638579011)	('>10', 6.308892017762374)	('>50', 2.8899960287374995)	('>100', 5.6807104949637175)	('>500', 5.644608108595978)	('>1k', 12.213437308206073)	('>5k', 28.19957399184086)	('>10k+', 33.131159969673995)
Fungus_95_2	(1.0, 1.6119715513195423)	(2.0, 1.0144770569334631)	(3.0, 0.7635654716776779)	(4.0, 0.7581501137225171)	(5.0, 0.6137405682515614)	(6.0, 0.42239792050254527)	(7.0, 0.32853171594642405)	(8.0, 0.25993718184772013)	(9.0, 0.30867540344416766)	('>10', 3.6337051879129207)	('>50', 0.8971443012383118)	('>100', 3.408065273114553)	('>500', 0.0)	('>1k', 21.648795985414637)	('>5k', 25.54604859381205)	('>10k+', 38.78479367486191)
Fungus_99_1	(1.0, 2.152207276338359)	(2.0, 1.2891577141825403)	(3.0, 0.8287442448316331)	(4.0, 0.6644398302789564)	(5.0, 0.5958291956305859)	(6.0, 0.563329421323463)	(7.0, 0.5055520447774668)	(8.0, 0.4911077006409677)	(9.0, 0.3412476302247901)	('>10', 5.949264241220547)	('>50', 2.692064638440011)	('>100', 9.134242123318588)	('>500', 6.3302338178207105)	('>1k', 16.05669405073576)	('>5k', 23.551503114561704)	('>10k+', 28.85438295567392)
Fungus_99_2	(1.0, 1.8723481086936895)	(2.0, 0.9786043152478108)	(3.0, 0.8124943576780717)	(4.0, 0.6211067978694592)	(5.0, 0.49652432969215493)	(6.0, 0.5091631308115916)	(7.0, 0.37916403358310014)	(8.0, 0.40444163582197346)	(9.0, 0.45499684029972015)	('>10', 3.7194186151485056)	('>50', 1.0995756973909903)	('>100', 8.204387469531461)	('>500', 2.791369504378442)	('>1k', 21.94095874334206)	('>5k', 0.0)	('>10k+', 55.71544642051097)
Fungus_B_1	(1.0, 1.1944816199922452)	(2.0, 0.7654688496704232)	(3.0, 0.6528999011894785)	(4.0, 0.5203186952008104)	(5.0, 0.4377681329814511)	(6.0, 0.270165476354267)	(7.0, 0.3151930557466448)	(8.0, 0.2901777338619905)	(9.0, 0.21388100211379468)	('>10', 5.234456104363923)	('>50', 2.346437192780578)	('>100', 7.2469387499843645)	('>500', 3.741041387850058)	('>1k', 15.144275868969745)	('>5k', 8.835411689659917)	('>10k+', 52.791084539280305)
Fungus_B_2	(1.0, 1.4759039911946068)	(2.0, 0.8805393303398331)	(3.0, 0.6866705857337619)	(4.0, 0.5203186952008104)	(5.0, 0.37522982826981527)	(6.0, 0.36772523170441895)	(7.0, 0.2976823304273868)	(8.0, 0.2601593476004052)	(9.0, 0.16885342272141687)	('>10', 4.311390726820178)	('>50', 2.0224887743743043)	('>100', 3.5871971582594337)	('>500', 4.002451501544696)	('>1k', 26.797663568935974)	('>5k', 12.300033770684545)	('>10k+', 41.945691736188415)
Fungus_C_1	(1.0, 1.2531799441081746)	(2.0, 0.7569206862413373)	(3.0, 0.6729576299860897)	(4.0, 0.4511447798789428)	(5.0, 0.31329498602704364)	(6.0, 0.3383585849092071)	(7.0, 0.23685100943644496)	(8.0, 0.22055967016303873)	(9.0, 0.23685100943644496)	('>10', 4.804691905710741)	('>50', 0.9887589759013496)	('>100', 4.738273368673008)	('>500', 1.2243568053936866)	('>1k', 28.180257403160518)	('>5k', 0.0)	('>10k+', 55.583543240973974)
Fungus_C_2	(1.0, 1.5915385290173816)	(2.0, 0.8270987631113952)	(3.0, 0.5263355765254333)	(4.0, 0.5062846974197025)	(5.0, 0.43861298043786107)	(6.0, 0.24812962893341856)	(7.0, 0.28071230748023107)	(8.0, 0.30076318658596185)	(9.0, 0.2706868679273657)	('>10', 4.136746995501084)	('>50', 0.6040327330601402)	('>100', 4.807198265598958)	('>500', 2.2544707194506057)	('>1k', 15.3301502562753)	('>5k', 7.421331629008609)	('>10k+', 60.455906863666556)
Fungus_I_1	(1.0, 1.5382882319072773)	(2.0, 1.0113400255338323)	(3.0, 0.7960547725736601)	(4.0, 0.5206899141362304)	(5.0, 0.4067889954189301)	(6.0, 0.48063684381805893)	(7.0, 0.28037149222720104)	(8.0, 0.23030515432948656)	(9.0, 0.24782837259368662)	('>10', 4.70623576238516)	('>50', 1.6596991013092348)	('>100', 4.6812025934363035)	('>500', 6.160662878313765)	('>1k', 26.71915287756277)	('>5k', 0.0)	('>10k+', 50.5607429844544)
Fungus_I_2	(1.0, 2.349362905850252)	(2.0, 1.4619370666132625)	(3.0, 0.9162139835281748)	(4.0, 0.8361078428918317)	(5.0, 0.6696372693819311)	(6.0, 0.5332064986106592)	(7.0, 0.4117956292087015)	(8.0, 0.38050416802263)	(9.0, 0.29288807670162964)	('>10', 2.7486419505845245)	('>50', 1.311738052920119)	('>100', 4.3219766190202025)	('>500', 6.274563797031066)	('>1k', 21.582346609257268)	('>5k', 13.68938843968258)	('>10k+', 42.21969109069517)
Fungus_M6_1	(1.0, 1.7107685691631613)	(2.0, 1.2551907648062788)	(3.0, 1.0240421443066214)	(4.0, 0.860087890231283)	(5.0, 0.4905188748975286)	(6.0, 0.4676727903132601)	(7.0, 0.4233245084732096)	(8.0, 0.4085417478598594)	(9.0, 0.3991345365604548)	('>10', 6.618645092795419)	('>50', 3.242800123637634)	('>100', 6.9452097136176105)	('>500', 4.230557310075123)	('>1k', 28.224321672870943)	('>5k', 12.631197000443484)	('>10k+', 31.067987259948126)
Fungus_M6_2	(1.0, 1.3344801171869751)	(2.0, 0.8574001155743102)	(3.0, 0.782142425179073)	(4.0, 0.6235637204176802)	(5.0, 0.5442743680369838)	(6.0, 0.5079894101678515)	(7.0, 0.3762884519761863)	(8.0, 0.3225329588367311)	(9.0, 0.4475144803859644)	('>10', 3.391971617099623)	('>50', 1.9580438376046554)	('>100', 2.9229549394578758)	('>500', 2.9148916154869577)	('>1k', 3.2589267715794707)	('>5k', 17.943583609950142)	('>10k+', 61.81344156105952)
Fungus_Q_1	(1.0, 1.1150139376742207)	(2.0, 0.5850073125914074)	(3.0, 0.47250590632382905)	(4.0, 0.36500456255703195)	(5.0, 0.3062538281728522)	(6.0, 0.2925036562957037)	(7.0, 0.32375404692558657)	(8.0, 0.2100026250328129)	(9.0, 0.23625295316191453)	('>10', 4.603807547594345)	('>50', 2.335029187864848)	('>100', 7.495093688671109)	('>500', 0.0)	('>1k', 8.837610470130878)	('>5k', 21.281516018950235)	('>10k+', 51.54064425805323)
Fungus_Q_2	(1.0, 1.1287641095513694)	(2.0, 0.5725071563394543)	(3.0, 0.4687558594482431)	(4.0, 0.4000050000625008)	(5.0, 0.3000037500468756)	(6.0, 0.32250403130039124)	(7.0, 0.2012525156564457)	(8.0, 0.23000287503593797)	(9.0, 0.23625295316191453)	('>10', 4.191302391279891)	('>50', 1.158764484556057)	('>100', 2.385029812872661)	('>500', 4.326304078800985)	('>1k', 11.163889548619357)	('>5k', 0.0)	('>10k+', 72.91466143326791)
Fungus_R_1	(1.0, 1.7212347988774555)	(2.0, 1.0352354225132523)	(3.0, 0.7259120673526661)	(4.0, 0.5787340193327096)	(5.0, 0.45525413158715317)	(6.0, 0.5388213283442469)	(7.0, 0.34923604614904896)	(8.0, 0.26941066417212345)	(9.0, 0.25818521983161835)	('>10', 6.573121297162457)	('>50', 2.8125974430932335)	('>100', 6.922357343311505)	('>500', 2.0330526972248206)	('>1k', 17.033988150919864)	('>5k', 16.359214218896163)	('>10k+', 42.33364515123168)
Fungus_R_2	(1.0, 2.409728718428438)	(2.0, 1.5665731212971625)	(3.0, 1.028999064546305)	(4.0, 0.6735266604303087)	(5.0, 0.760835671967571)	(6.0, 0.4190832553788587)	(7.0, 0.38415965076395386)	(8.0, 0.3292797006548176)	(9.0, 0.33676333021515437)	('>10', 4.676021203617087)	('>50', 2.0841908325537886)	('>100', 8.4851886498285)	('>500', 0.7720611163080762)	('>1k', 27.673214842531962)	('>5k', 24.708450265045215)	('>10k+', 23.691923916432803)
