Sample	1.0	2.0	3.0	4.0	5.0	6.0	7.0	8.0	9.0	>10	>50	>100	>500	>1k	>5k	>10k+
SRR6443836_1										2.3740823258701926	2.3485152854377445	10.763724022060703	7.8709960188465615	41.91533657182512	28.594908506519594	0.0
SRR6443836_2										3.3456298623032255	2.885423134519157	15.157602542094306	8.407903867927974	57.73037729646809	0.0	0.0
SRR6443839_1										3.438121766812575	3.4805677145510012	18.286244860061014	18.007693328027592	49.794402440641996	0.0	0.0
SRR6443839_2										4.570897997081841	3.7723836052526862	27.518238493168855	12.054649157713225	40.0875447672105	0.0	0.0
SRR6443844_1										5.400902464422075	3.5334953141270393	27.171121138493582	20.50676848316557	35.98750433877126	0.0	0.0
SRR6443844_2										7.171121138493579	8.156889968760847	33.71745921555016	19.597362027073935	17.001041305102397	0.0	0.0
SRR6443871_1										2.4690696802527983	1.1327727491832253	11.863317444164748	15.641904557870495	31.573027690000536	0.0	32.06844839590809
SRR6443871_2										3.783943013229072	2.487815328584436	16.008783675218254	9.48262010604681	39.39264099405495	18.80456322639387	0.0
SRR6443905_1										3.5075533946865773	3.0387220003472826	20.997569022399723	20.159749956589685	22.01337037680153	22.846848411182496	0.0
SRR6443905_2										5.005209237714881	4.870637263413787	29.74474735197083	17.598541413439833	28.64212536898767	0.0	0.0
SRR6443910_1										3.9405660016083943	1.6658369394554438	15.616742618619078	15.89629686363114	57.06353157431165	0.0	0.0
SRR6443910_2										5.265576532761459	3.7682380423543824	17.232795925401142	32.642744992915404	30.057825604105236	0.0	0.0
SRR6443915_1										2.0190095653226785	1.6648504661581305	10.633853977479115	5.805787625620535	34.63191669693668	0.0	40.0351132098317
SRR6443915_2										2.8151107882310207	1.6285264559874078	10.869960043588813	10.661096985107156	64.16333696573435	0.0	0.0
SRR6443923_1										3.3712737127371275	2.6233062330623307	9.642276422764228	4.32520325203252	13.029810298102982	0.0	62.2330623306233
SRR6443923_2										4.579945799457994	4.607046070460704	12.997289972899729	3.6205962059620593	7.300813008130082	0.0	58.33604336043361
SRR6443924_1										3.3489778060615705	0.863097605600191	9.303158062206666	5.870654681409594	24.44912894757776	0.0	50.803436480789124
SRR6443924_2										4.462652135868268	2.2989420093866837	19.318272213825473	11.124811073104764	22.882030069206905	28.74870734229576	0.0
SRR6443934_1										2.721706498123642	2.1252222002765158	11.202844163539403	15.21232470867075	35.9865692277306	25.988544341299622	0.0
SRR6443934_2										4.546711435907564	2.5439462769109222	18.672723681611693	18.46336164329449	44.345249851866484	0.0	0.0
SRR6443943_1										3.1757872861938505	2.2592849150103906	16.161347045345554	25.251771726967547	14.978419566259923	31.11312410081526	0.0
SRR6443943_2										5.589598763787499	4.481270314914478	24.372568870890394	21.266052112751105	31.89108541588959	0.0	0.0
SRR6443949_1										3.2810545559511213	2.7903396516886367	17.728278649090733	17.670547483883382	51.467333782353506	0.0	0.0
SRR6443949_2										4.9119599730587895	4.632926007889926	39.83931492350621	15.856826710285768	20.831328778985856	0.0	0.0
SRR6443958_1										2.3212934947049924	2.042360060514372	20.48978819969743	8.315998487140694	19.936649016641454	41.23014372163389	0.0
SRR6443958_2										3.1675491679273824	3.3377458396369137	20.71198940998487	14.36270801815431	43.64599092284418	0.0	0.0
SRR6443964_1										2.836792836792837	0.4354904354904355	5.380545380545381	7.464387464387465	38.96621896621897	40.26048026048026	0.0
SRR6443964_2										4.363044363044363	1.155881155881156	3.899063899063899	17.326007326007325	62.808302808302805	0.0	0.0
SRR6443968_1										5.38519610310242	3.785454937628069	14.146025811554086	16.96085127799547	10.270697774742064	0.0	44.00546428443038
SRR6443968_2										7.4918215479742605	5.126361577452637	16.4180177589244	13.013624761836287	24.783405830966675	21.278354962792537	0.0
SRR6443974_1										4.101765316718588	2.4299065420560746	26.422637590861893	14.922118380062305	18.01142263759086	27.149532710280372	0.0
SRR6443974_2										5.726895119418484	6.469366562824506	29.335410176531674	15.612668743509865	31.02803738317757	0.0	0.0
SRR6444008_1										3.3149436315663228	2.5329815303430077	12.170784360757976	2.840009594627009	22.667306308467257	0.0	50.72199568241784
SRR6444008_2										4.178460062365075	3.3581194531062604	11.56152554569441	17.58695130726793	23.065483329335574	29.201247301511152	0.0
SRR6444010_1										2.3441774336096963	3.1943100037877197	13.278060687681496	3.7877193720802995	47.65371827785026	22.86940785320483	0.0
SRR6444010_2										4.187534194688776	2.849206683220403	20.51681326543496	8.636000168343083	51.003745633601284	0.0	0.0
SRR6444024_1										3.746831211521854	2.4180293617851074	16.789703874975626	9.94790651029334	31.295094297573613	0.0	29.999721425188735
SRR6444024_2										5.379279605538067	3.367969468200685	21.859765440008914	11.131849458171992	20.129815862049753	0.0	28.4313452377636
SRR6444025_1										2.419630642954856	1.1927154582763337	10.34969220246238	19.8187414500684	11.008036935704514	0.0	50.26077291381669
SRR6444025_2										3.9158686730506154	1.594562243502052	14.958105335157319	17.035738714090286	50.73101915184679	0.0	0.0
SRR6444031_1										2.9113681996366765	2.4906778850750553	10.091786977722537	9.632852089109857	39.52098671001052	29.84032890333684	0.0
SRR6444031_2										6.186059852758389	4.909647193804379	14.145711827134525	8.906205182139784	25.934601778372695	26.627784683048095	0.0
SRR6444036_1										3.2386646736422517	3.1959570076162005	10.264075734927752	11.794433767527938	8.989963698483878	56.78695992597338	0.0
SRR6444036_2										4.470069044060075	3.4735568367855367	12.933304861555984	24.208128692433625	43.34116307210478	0.0	0.0
SRR6444040_1										3.3947741543447436	1.5920599554385253	5.869961515090136	7.55114441968807	20.372695969212074	0.0	56.5809195867936
SRR6444040_2										2.8438322868138544	1.5231922219971643	10.305853757342517	3.601377354668827	70.75146850313956	0.0	0.0
SRR6444041_1										2.045003309066843	2.1310390469887492	23.514228987425547	11.892786234281932	18.934480476505623	35.155526141628066	0.0
SRR6444041_2										4.248841826604897	5.208471211118464	23.507610853739244	21.714096624751818	33.68630046326936	0.0	0.0
SRR6444047_1										2.5348932676518885	0.7628626163108921	10.112205801860974	6.896551724137931	32.785987958401755	0.0	42.01559934318555
SRR6444047_2										3.7835249042145596	2.4048987411056375	15.814860426929393	4.789272030651341	40.86275314723591	23.49137931034483	0.0
SRR6444051_1										3.305502964089512	1.7381048449672551	7.470747074707471	13.461001272541049	34.47034358608275	0.0	34.01098730562712
SRR6444051_2										3.9914336261212333	2.9858158229616065	14.162450727831406	8.861230950681275	59.54560973338713	0.0	0.0
SRR6444056_1										2.6856448716594485	0.8529629238407098	12.128974331889722	4.510404563219605	20.130453153057992	0.0	55.16002957642336
SRR6444056_2										3.401288687018063	1.0747860990810183	13.304109010246117	13.441428118728213	31.81842188655329	0.0	28.401288687018063
SRR6444059_1										2.8163775906954727	0.6322480305642898	9.013760692429928	1.9102681137370254	35.537748926530746	0.0	44.6056057071373
SRR6444059_2										3.394529533083139	1.200256956418839	6.359671366264327	19.38330459478649	58.82273388105622	0.0	0.0
SRR6444066_1										3.149753051905694	1.0437051532941943	6.569751188146491	3.6203522504892365	21.931786413195415	0.0	58.92740657906999
SRR6444066_2										4.38915292144255	1.803187028235952	4.911005498089647	6.304165501817165	47.26027397260274	24.89516354487	0.0
SRR6444070_1										2.8927197439135415	1.212886552524155	16.354879445537577	4.223077148982409	38.74482394055975	0.0	31.285424803970514
SRR6444070_2										3.3567296114651555	3.529999118968606	21.036092919444364	10.822002290681624	50.40967959824968	0.0	0.0
SRR6444072_1										2.2292490118577075	0.9855072463768115	13.45981554677207	6.044795783926219	27.641633728590246	44.03162055335969	0.0
SRR6444072_2										4.205533596837944	2.998682476943346	17.575757575757574	2.745718050065876	59.21475625823452	0.0	0.0
SRR6444079_1										4.503087498543633	2.405918676453455	8.557613887917977	3.2622626121402774	23.65722940696726	53.17488057788652	0.0
SRR6444079_2										6.413841314225794	5.353605965280205	11.441221018291973	5.173016427822439	12.146102761272283	48.90481183735291	0.0
SRR6444103_1										2.720989802329515	3.2671209704702524	11.990720603160794	11.76840172055483	36.73094582185491	27.132569716301774	0.0
SRR6444103_2										4.122565366584506	3.566768160069596	18.28814460393408	20.926973080083126	40.64085834420762	0.0	0.0
SRR6444123_1										3.135405105438402	1.6759156492785792	16.847946725860155	12.647058823529411	24.00110987791343	34.866814650388456	0.0
SRR6444123_2										4.489456159822419	3.4628190899001114	17.364039955604884	24.761376248612653	36.57047724750277	0.0	0.0
SRR6444127_1										2.1439509954058193	2.5924305403631593	7.799168672063006	3.1284182892146135	25.010938525486765	53.82848392036753	0.0
SRR6444127_2										2.8604244147888864	2.6361846423102167	12.825421133231242	12.092539925618025	29.93874425727412	27.647123167796984	0.0
SRR6444141_1										3.4475029140141666	1.708060611494665	25.997489464718015	12.355420066349861	26.508562718551058	22.57688514301085	0.0
SRR6444141_2										3.465435308885502	5.778714247287725	26.773065542903257	16.022594817537883	36.05307988881915	0.0	0.0
SRR6444192_1										3.597944031981725	1.9261720575255696	14.345049582057007	19.671875811224755	19.998961632314003	33.913088624682	0.0
SRR6444192_2										3.87830330720108	2.8451274596334564	29.328695291002543	14.313898551477077	36.44151394008618	0.0	0.0
SRR6444202_1										3.298463386555884	1.3063716902747884	8.834275989789278	11.737324190399919	16.507332699334302	0.0	52.86550878422344
SRR6444202_2										4.129335802592722	1.8969918414335052	11.817408278692627	8.518944892136744	36.07287652034636	26.74308023424596	0.0
SRR6444203_1										3.556259170592323	1.9229284114603444	19.93204108425361	6.90014672947718	60.43323808788323	0.0	0.0
SRR6444203_2										4.649007645378021	3.6991273457409837	23.95165649857132	15.653718433855895	34.485288439261716	0.0	0.0
SRR6444206_1										3.563636363636364	2.7900826446280993	5.857851239669421	0.0	26.604958677685953	56.11900826446281	0.0
SRR6444206_2										4.4363636363636365	2.3008264462809915	13.652892561983471	21.50082644628099	47.67603305785124	0.0	0.0
SRR6444216_1										2.8078396370262935	1.6661088177321581	5.1768381122392055	8.773104243370895	27.074268288147568	0.0	49.964669567481124
SRR6444216_2										5.046673360853881	1.402060322064785	8.791699207854514	16.973483580646363	54.47580795120681	0.0	0.0
SRR6444217_1										3.2184512847496274	2.0784004209418576	11.834604928527579	9.85267034990792	44.32605454704902	22.73524511093572	0.0
SRR6444217_2										4.209418574059458	3.0912917653249146	16.193107077084978	21.12163465754626	20.626151012891345	23.357888275015345	0.0
SRR6444218_1										3.17309969216197	0.8287946957139475	10.14918304522851	5.815770779067013	25.223774567842767	0.0	49.55718683400426
SRR6444218_2										4.977504143973478	2.003315178782856	12.086194648354251	19.180677243665638	49.03623016812693	0.0	0.0
SRR6444257_1										2.675796826444463	1.982784698732228	6.701867282677447	3.478810879190386	15.229766520914115	0.0	66.91967109424415
SRR6444257_2										4.5430795038913185	3.9628193493386137	9.124659681544427	3.4045595797926467	10.257679509391414	0.0	61.997084948986604
SRR6444265_1										2.9806315472153138	2.4003315999698547	8.11289471700957	17.491898409827417	21.282688974301003	0.0	42.46363704876027
SRR6444265_2										4.796895018464089	3.3800587836310196	14.661994121636898	15.7434622051398	11.474112593262491	0.0	38.96676463938503
SRR6444279_1										3.3785726608775666	1.1098970613606303	10.158721030536547	5.601242164586808	22.71550980504917	16.645580539421474	35.27804934153775
SRR6444279_2										3.114037609983323	2.40669388694002	10.598654321697625	10.86894013456783	27.143596526539763	36.44257864167002	0.0
SRR6444288_1										3.3575909661229613	1.982434127979925	6.910915934755332	5.86198243412798	23.904642409033876	0.0	53.02383939774153
SRR6444288_2										4.120451693851945	1.7314930991217063	11.111668757841906	14.062735257214554	57.77164366373903	0.0	0.0
SRR6444294_1										2.880214341532393	1.514531313958248	12.023220332675919	6.787481859115097	18.43486026867116	0.0	53.35838946154132
SRR6444294_2										3.8328433743906523	1.629888735905928	13.005619022810999	14.527592751088452	55.427380642280355	0.0	0.0
SRR6444311_1										3.616484440706476	1.9904681805438744	16.98345948976731	19.814970563498736	18.609475749929913	33.24362209139333	0.0
SRR6444311_2										6.621811045696664	2.7137650686851695	20.566302214746283	23.678160919540232	35.37987104008971	0.0	0.0
SRR6444312_1										3.4729955456570156	2.728285077951002	15.228285077951002	24.283129175946545	0.0	48.6010579064588	0.0
SRR6444312_2										4.196826280623608	3.78619153674833	20.601336302895323	20.31597995545657	39.21909799554566	0.0	0.0
SRR6444314_1										2.0020120724346073	0.7042253521126761	12.209926224010731	10.221327967806841	26.663313212608987	0.0	43.35680751173709
SRR6444314_2										3.2193158953722336	2.629107981220657	18.967136150234744	9.141515761234071	35.95573440643863	20.204560697518446	0.0
SRR6444323_1										2.4029323920716807	1.3711648112951398	15.775183274504482	5.76296497420581	42.4653814824871	25.52606570730383	0.0
SRR6444323_2										3.2276676622318763	2.65748031496063	19.55946239478686	6.580912299755634	56.18721151235406	0.0	0.0
SRR6444332_1										3.7599188042074183	0.33216460601587006	10.78150950359845	5.775973426831519	27.357446023251526	46.02325152242111	0.0
SRR6444332_2										4.668758073445285	1.8269053330872853	12.230116257612107	16.723565233437903	52.71267761579628	0.0	0.0
SRR6444338_1										1.9942366887156986	1.6242059073940667	14.62112777523086	8.753029013032943	29.992140939157768	37.910144737703845	0.0
SRR6444338_2										3.733053900058943	3.277883292946493	19.18593228109241	9.48326674962342	52.609863121357	0.0	0.0
SRR6444345_1										2.4250574812372565	3.26666955880439	12.099258166673897	13.08403106155915	40.462452822003385	22.120515378942347	0.0
SRR6444345_2										3.4922563012450656	5.110407357598369	14.31608173181207	13.847555420589128	51.91531820745304	0.0	0.0
SRR6444349_1										3.9611313981555982	3.9735099337748347	31.354830723525406	24.91180293371294	28.42111778176642	0.0	0.0
SRR6444349_2										5.8488580800891254	8.714489075942316	32.71028037383177	31.28055950980999	7.569474531162963	0.0	0.0
SRR6444354_1										2.2707013840018764	1.7546328876378137	17.743373211353507	5.9817030260380015	34.97536945812808	30.954726718273516	0.0
SRR6444354_2										3.246539995308468	3.0870279146141213	16.67370396434436	26.24442880600516	38.24536711236219	0.0	0.0
SRR6444362_1										3.311124570967091	1.458711891782758	15.692509590147385	23.187966888754293	13.294972743791641	36.836260852008884	0.0
SRR6444362_2										4.603270745003028	3.1950333131435493	18.54431657581264	20.78033515041389	40.99535634968706	0.0	0.0
SRR6444365_1										2.6710869050438077	0.966137816717973	8.07956429078854	12.872365616860051	11.745204830689083	0.0	58.967558607624916
SRR6444365_2										5.1622069618754445	1.1224248164811745	14.113189675586076	17.565711579445892	46.5309022022259	0.0	0.0
SRR6444370_1										3.29554588541811	1.5576928407106627	6.305607139887469	13.54250394966601	29.889963690789656	0.0	40.09534632334599
SRR6444370_2										4.501233404473516	1.5216607999113059	11.194877906815599	9.412677734970481	61.068765764017854	0.0	0.0
SRR6444371_1										3.1185950247156695	1.6878993690471407	19.382711087891334	17.980147088373588	21.424265562834062	29.49403207008801	0.0
SRR6444371_2										3.990676365390025	3.1628019129526184	25.16577583088856	10.079170518024354	45.34822971506651	0.0	0.0
SRR6444374_1										3.2093100398053958	1.3130252100840336	17.489495798319325	10.659000442282176	19.181225121627598	41.787372843874394	0.0
SRR6444374_2										3.303295002211411	2.24734630694383	20.812140645731976	18.484630694383018	27.518244139761165	17.503317116320215	0.0
SRR6444379_1										2.4318833652007648	1.2876434034416826	10.632767686424474	11.588790630975144	28.7703154875717	39.4927103250478	0.0
SRR6444379_2										3.608986615678776	2.3751195028680687	11.448374760994264	11.762069789674952	60.20853250478011	0.0	0.0
SRR6444381_1										4.02574152029806	2.6709246625054432	24.923791551749165	13.020757729714036	48.20728697924227	0.0	0.0
SRR6444381_2										5.6611990129191465	7.286979242270286	24.55605554749117	9.415977161658683	36.430057579716454	0.0	0.0
SRR6444384_1										2.325735269791908	2.3191186687398684	9.02835213550799	5.895391537367255	27.548218480166735	0.0	48.10599794885368
SRR6444384_2										2.769047540278559	2.517616700301055	13.89486220928309	8.770304694478446	37.0066496840573	25.34489032983756	0.0
SRR6444390_1										2.7635788015697655	0.8574349503677076	5.029185766579824	2.7437918411766646	30.003627609405402	0.0	54.621904165155165
SRR6444390_2										3.8650529301190515	1.5829568314480755	8.264353790851828	6.2295946970946146	32.92879992085216	38.35702272202619	0.0
SRR6444392_1										2.1366722730953716	1.7784837725035818	7.992275587117673	6.014452127328225	44.53061733009406	0.0	32.32729084906248
SRR6444392_2										3.4105774621566063	1.8656948856911482	13.710832866130943	10.670902635021491	59.97321372952096	0.0	0.0
SRR6444395_1										2.9670058172180673	1.0399119556184444	7.261415448195314	9.952159557981268	28.97828088852952	17.40673359836489	26.644655571277763
SRR6444395_2										2.9535296363677204	1.4936100442467939	10.89549221750556	11.212182467488715	46.80277609325517	17.119241740224155	0.0
SRR6444396_1										2.773986174100656	3.0381753335388137	21.333274624631233	13.407599841486503	52.61767425476641	0.0	0.0
SRR6444396_2										4.482409405134076	5.948659240015852	25.82449033507992	17.969265994452027	32.75505261767426	0.0	0.0
SRR6444414_1										5.503093454900684	1.7176815369586453	16.940735916639532	5.486812113318138	20.604037772712473	43.33279062194725	0.0
SRR6444414_2										5.177466623249756	3.858677955063497	18.73982416151091	18.577010745685442	40.56496255291436	0.0	0.0
SRR6444421_1										3.321162947937796	1.790398918187965	6.320486815415821	9.820148749154836	25.322515212981745	0.0	48.367816091954026
SRR6444421_2										4.154158215010142	3.6240703177822855	7.250845165652469	12.906017579445573	16.375929682217716	42.858688302907375	0.0
SRR6444428_1										2.523270440251572	0.8301886792452831	9.670440251572327	5.220125786163522	41.64779874213836	0.0	35.02893081761007
SRR6444428_2										3.8062893081761007	2.3371069182389936	10.70691823899371	9.386163522012579	64.00251572327043	0.0	0.0
SRR6444431_1										3.301951152954018	1.209805794333015	4.966571155682904	8.118433619866284	22.435984900168283	0.0	54.81420839587029
SRR6444431_2										4.6254604993860005	1.687360713148679	8.527766407422568	18.37449401919316	28.539591576840863	27.052349115386363	0.0
SRR6444433_1										2.7303531864981103	1.5834745210478303	3.838133715626222	9.598592467092402	36.680568226247885	0.0	40.30040401407533
SRR6444433_2										3.942395412485338	1.9777140622963638	10.321907989052521	19.262348494721753	27.596767887397366	26.352143881141664	0.0
SRR6444443_1										2.24277995879815	2.2116842228009483	4.858708749562717	8.007152019279356	32.778792708049906	0.0	44.15983208302561
SRR6444443_2										2.6392505927624677	2.289423562793952	7.167567147354919	16.896645547479302	39.27391456446534	20.344385276169007	0.0
SRR6444447_1										2.5537798381521695	0.26432434630555895	5.3556179089910945	5.8639339595787074	28.93334959944695	0.0	52.42975072180879
SRR6444447_2										4.221056484079541	2.305721605465414	5.73787157903298	11.101622544833475	64.67000121995852	0.0	0.0
SRR6444449_1										3.1368283663258647	1.5879921688057428	12.251468348923211	2.2101370458994998	51.32912769197303	22.392864911899064	0.0
SRR6444449_2										4.276702197085055	3.7154666086578207	17.31999129867305	11.498803567544051	50.01087665869045	0.0	0.0
SRR6444460_1										2.851066657805543	0.3522296803349505	6.300259187877982	4.771715292084801	19.824549744135044	60.19804612215059	0.0
SRR6444460_2										4.41948561174985	1.541835581843557	5.921446135442281	10.580182096098891	21.459427128331228	44.580315012959396	0.0
SRR6444461_1										2.320977878952838	2.222002276438858	9.274013955559953	14.514772108675212	25.025981095659922	40.95610432028505	0.0
SRR6444461_2										3.483941208492107	2.949472954916613	24.654822586232495	10.808135794526649	47.00351363388925	0.0	0.0
SRR6444464_1										2.7386596843818554	1.440096242304154	4.8545750477673195	9.613615455381785	34.88075861580921	0.0	41.45495718632793
SRR6444464_2										3.88507536621612	1.3127167221003468	9.266860094826976	8.615809213785294	48.446677517514686	17.893284268629255	0.0
SRR6444479_1										4.194297082228117	1.5998010610079576	19.844164456233422	16.15550397877984	0.0	52.354111405835546	0.0
SRR6444479_2										4.857427055702917	2.3955570291777186	27.934350132625994	24.287135278514587	25.83720159151194	0.0	0.0
SRR6444482_1										3.0385664199454614	1.2310089598753409	10.479158550837553	9.692247760031165	26.66147253603428	0.0	43.595636930268796
SRR6444482_2										3.946240747954811	3.9735099337748347	13.116478379431243	17.019867549668874	50.077911959485775	0.0	0.0
SRR6444503_1										3.6516354059152225	0.4626828487027085	10.98693810727124	9.929885752927358	30.79688222941951	0.0	38.292344378403385
SRR6444503_2										4.164145638324376	2.5732284585542944	12.823433106737376	16.55336868704844	51.72438338612664	0.0	0.0
SRR6444511_1										3.449817926276113	1.6610234459847952	14.204944739027662	12.876125982239826	59.93419791733214	0.0	0.0
SRR6444511_2										4.919184820801124	2.5075065482655083	17.725036734172363	13.882322877403693	48.19842841627803	0.0	0.0
SRR6444522_1										2.208649953838506	2.8194020311057453	12.513315815638093	4.4457069810382785	43.66877352460763	28.538456075562813	0.0
SRR6444522_2										3.064413038846673	2.65606135927846	15.5067111710816	20.879198920531213	46.05851857112421	0.0	0.0
SRR6444523_1										3.490361951503019	2.1374834522617934	10.829485647864132	13.280165315940717	46.26909043944335	16.53482289884085	0.0
SRR6444523_2										4.542959542798101	3.57108262568209	19.915404733460335	8.672629233799361	50.90891479125633	0.0	0.0
SRR6444527_1										4.037393860222077	1.2695950359242325	4.874265186152842	6.25	23.02416721097322	0.0	56.24183540169824
SRR6444527_2										4.82527759634226	2.1840300457217503	7.588994121489224	9.97305682560418	43.59487263226649	20.440071848465056	0.0
SRR6444528_1										2.8786040869646357	2.7293085751609594	10.488009704208267	19.19380423626015	16.403844359428945	42.973779975739475	0.0
SRR6444528_2										4.7447979845105905	3.6670710086778016	11.556405710553326	27.3723989922553	42.00802463375945	0.0	0.0
SRR6444530_1										3.1528509822712025	2.1370388116914234	22.175371346430282	18.826066123622425	46.37757546717777	0.0	0.0
SRR6444530_2										5.126976521322472	2.831816003833253	30.761859127934837	15.390512697652131	30.915189266890273	0.0	0.0
SRR6444531_1										2.7848837209302326	1.4505813953488373	11.180232558139535	11.709302325581396	32.906976744186046	0.0	34.127906976744185
SRR6444531_2										3.813953488372093	2.441860465116279	15.084302325581394	9.994186046511627	42.389534883720934	15.83139534883721	0.0
SRR6444533_1										4.195982461507087	1.9526868563271134	29.376975629652293	21.632507392678697	35.54094014479453	0.0	0.0
SRR6444533_2										5.1442846946058935	7.576221066585092	28.770266136433158	29.95309472825533	14.856734985214642	0.0	0.0
SRR6444535_1										3.5873732864121015	1.323598928515153	8.141183885708283	10.13183465518147	23.845790220074583	47.597037659540945	0.0
SRR6444535_2										5.446714638373864	3.0936498765691476	11.072010084563265	13.629917537685804	53.78433741267924	0.0	0.0
SRR6444536_1										2.5322803058794032	1.3371777192762526	12.26442689398688	15.18950315490368	24.244703522627553	38.067778195645815	0.0
SRR6444536_2										3.393088462663491	1.7383310350591283	15.945844302369311	18.402908361539424	28.343988968283817	21.07308511971919	0.0
SRR6444545_1										4.097818902842035	4.039986781229345	18.61368142762723	7.435558493060146	8.724388631857236	49.16556510244548	0.0
SRR6444545_2										5.82452081956378	7.063780568407138	23.479841374752148	4.196959682749505	44.2911434236616	0.0	0.0
SRR6444549_1										3.19412913784911	3.273322422258593	30.484134945356633	14.983369410274008	40.52056385618499	0.0	0.0
SRR6444549_2										5.575207222427538	5.305950055435299	31.228551818805766	24.560477271527375	14.423736867113668	0.0	0.0
SRR6444550_1										2.6618528943825726	1.0402643495288215	11.149186146126546	6.146738465304125	24.87149675682291	0.0	49.889854362991066
SRR6444550_2										3.2431770897075025	2.2610451597111734	11.00844449883735	13.45306572023008	39.60347570676784	21.36519397870518	0.0
SRR6444551_1										2.9403528423410807	2.2787734528143377	8.597031643797255	12.475497059647157	35.441753010361246	32.83043965275833	0.0
SRR6444551_2										4.652058246989639	2.7793335200224027	14.372724726967236	18.62923550826099	48.73284794175301	0.0	0.0
SRR6444556_1										5.379990750732234	3.5301371974718663	21.95930322182827	12.825651302605209	49.61461384307076	0.0	0.0
SRR6444556_2										7.461075998150147	6.443656543856944	21.504547556651765	22.298443039926006	29.95221211654077	0.0	0.0
SRR6444566_1										4.578630399234236	3.9444821122322815	16.571610896183145	15.139791807920872	18.099150480596656	35.368723327882584	0.0
SRR6444566_2										7.390419973676863	4.4749331950703946	20.492162884377617	13.835600047860247	42.31643600685997	0.0	0.0
SRR6444568_1										3.7347741599127917	0.9336935399781979	19.04829612777857	15.550500023697806	14.299255888904689	40.47111237499408	0.0
SRR6444568_2										5.042893028105597	4.066543438077634	24.30920896724963	16.06237262429499	37.67951087729276	0.0	0.0
SRR6444572_1										2.6042809238772757	1.6076968880253222	14.071265160299602	17.31799805697452	30.261054874800212	27.854210410855874	0.0
SRR6444572_2										3.2498668087373472	2.356701870945501	16.757027797799996	20.104045880472594	26.525431696386597	20.335955373092233	0.0
SRR6444581_1										3.753169141615357	1.5121332850416516	8.773994929373416	11.979355306048534	42.30351321984788	25.199203187250994	0.0
SRR6444581_2										4.898587468308584	2.888446215139442	13.87631293009779	21.165338645418327	44.16425208257878	0.0	0.0
SRR6444596_1										7.3823077618144035	5.430559320502395	24.52335773018885	4.9878015722418	0.0	50.53763440860215	0.0
SRR6444596_2										12.433360440950574	6.316074817023584	22.25535375440499	0.0	44.68238908466613	0.0	0.0
SRR6444603_1										4.874487561071489	3.262761835233335	17.82445105857247	28.500028078845396	38.13668781939686	0.0	0.0
SRR6444603_2										6.300892907283652	4.593699107092716	29.74111304543157	23.844555511877353	20.772729825349582	0.0	0.0
SRR6444635_1										5.296145408962707	1.925057080180866	11.751801942964587	12.557639790482158	9.079106415364642	0.0	54.54179164614765
SRR6444635_2										6.4467027801405745	7.01974302726418	9.916282401396785	16.57787527420871	49.08000179075077	0.0	0.0
SRR6444637_1										3.2436708860759493	2.1242088607594933	24.462025316455698	15.668512658227849	22.543512658227847	24.410601265822784	0.0
SRR6444637_2										5.494462025316456	3.2278481012658227	25.593354430379744	14.790348101265824	34.44620253164557	0.0	0.0
SRR6444656_1										3.627322690395184	3.0829625752420835	9.850824391520545	12.164354880921223	12.635435749803717	52.253336822821254	0.0
SRR6444656_2										4.459565558754253	3.967547762365873	10.845328448050248	15.126930123004447	53.92829102329233	0.0	0.0
SRR6444657_1										2.990487514863258	0.5529131985731273	9.69678953626635	5.915576694411414	0.0	0.0	76.5576694411415
SRR6444657_2										6.165279429250892	2.6932223543400715	7.045184304399524	5.095124851367419	0.0	0.0	66.82520808561236
SRR6444667_1										3.5049627791563274	2.4503722084367245	13.740694789081886	17.545492142266337	23.98676592224979	32.247725392886686	0.0
SRR6444667_2										5.345326716294458	3.4274193548387095	19.22043010752688	36.67803970223325	20.032051282051285	0.0	0.0
SRR6444669_1										5.559465165376495	2.6272577996715927	11.478614434279459	23.44202048635546	50.53561654546876	0.0	0.0
SRR6444669_2										5.027758229728673	4.558605051215888	23.457658925639223	27.179607475173977	27.265618891234656	0.0	0.0
SRR6444670_1										3.637226970560304	1.2314023425134535	9.360557138334915	4.77366255144033	32.53877809433365	0.0	42.959797404241854
SRR6444670_2										3.317505539727762	2.49446027223805	17.027540360873694	8.300094966761632	36.90091801202912	21.367521367521366	0.0
SRR6444675_1										2.1228252401973515	3.6938457543495193	9.140482991430797	10.633601661905999	11.97740846533368	57.666839781874835	0.0
SRR6444675_2										3.525058426382758	5.212931706050377	11.451571020514152	19.1703453648403	51.81121786548948	0.0	0.0
SRR6444678_1										2.997789833232871	1.6676712879244524	8.270042194092827	15.475185854932691	28.454892505525414	37.038376532047415	0.0
SRR6444678_2										3.134418324291742	3.608599557966646	13.011854530841873	26.923849708659837	41.63552340767531	0.0	0.0
SRR6444679_1										3.18773192649886	2.5305137032234986	8.539366030312515	10.15335091876425	23.346894979210443	0.0	47.739974068940846
SRR6444679_2										5.77636696919569	4.198149058881388	14.279966021370768	3.5498725801403856	18.965440157374704	44.02467921491483	0.0
SRR6444680_1										2.441671188279978	1.6626618091620804	13.026122006046043	3.4454693434617467	23.912874970932485	50.14727540500736	0.0
SRR6444680_2										4.433764824432215	3.666382450972793	16.708007131230136	12.30912332377335	31.702968762111468	21.362685063173398	0.0
SRR6444695_1										3.12004671727705	2.3442062234086927	26.937515641945442	16.70976891632602	0.0	45.15725369149912	0.0
SRR6444695_2										4.396429465254025	2.752982397597397	34.22874781012764	17.168599315925587	27.529823975973972	0.0	0.0
SRR6444702_1										3.5777126099706744	1.0733137829912023	9.082111436950147	6.994134897360704	28.598240469208214	0.0	45.44281524926686
SRR6444702_2										3.612903225806452	2.093841642228739	14.237536656891495	10.346041055718475	43.63343108504399	16.13489736070381	0.0
SRR6444708_1										2.7017055935522323	0.9904361892329085	12.503902148310015	0.0	33.5073927973437	44.72571444788149	0.0
SRR6444708_2										3.1869909470159206	2.5115645486278626	12.427278145131538	10.713170814768567	41.632375060305925	18.937480489258448	0.0
SRR6444713_1										6.616822429906542	3.783177570093458	19.14018691588785	14.751401869158878	47.85794392523364	0.0	0.0
SRR6444713_2										5.323364485981308	6.953271028037383	29.114018691588782	15.626168224299064	28.194392523364485	0.0	0.0
SRR6444724_1										2.5486338797814208	0.41092896174863386	2.059016393442623	6.063387978142076	26.10273224043716	0.0	58.762841530054644
SRR6444724_2										3.584699453551913	1.9759562841530056	3.650273224043716	8.887431693989072	43.44043715846995	27.76830601092896	0.0
SRR6444735_1										2.815150162596442	1.4793088057131927	10.871644455780144	23.091882930561756	22.396862845118918	0.0	33.21430848689664
SRR6444735_2										3.669578524516993	2.3815596505770578	17.939807434802017	24.96652426193968	40.87547025441561	0.0	0.0
SRR6444736_1										2.576035177720777	3.1366801026016855	7.925980212532063	26.37596189080249	14.507145474532795	0.0	40.2088677171125
SRR6444736_2										4.371564675705387	4.27262733602052	20.062293880542324	16.167094173689996	20.692561377794064	25.137412971784535	0.0
SRR6444758_1										4.294646774901272	1.0146994295743748	17.68867924528302	22.076568670469506	47.31790258885476	0.0	0.0
SRR6444758_2										6.324045634050022	3.274462483545414	18.51689337428697	26.73321632294866	31.576349275998243	0.0	0.0
SRR6444768_1										2.2740233818078126	4.75477616196179	20.950955232392356	5.360707157114343	13.815226689478186	46.35728542914171	0.0
SRR6444768_2										5.439121756487026	9.017678927858569	18.619903051040776	3.8993441688052464	8.675506130595952	42.607641859138866	0.0
SRR6444776_1										4.082414215686274	5.790441176470589	25.842524509803923	8.310355392156863	48.38388480392157	0.0	0.0
SRR6444776_2										6.878063725490197	7.421875	24.685968137254903	22.25796568627451	26.217830882352942	0.0	0.0
SRR6444788_1										3.106319930516528	2.0385224544014715	18.76053747509324	19.179481939406326	49.83395493792469	0.0	0.0
SRR6444788_2										5.701731977724416	4.490880294282941	32.56526848209268	13.447095488683392	30.39390997803096	0.0	0.0
SRR6444792_1										2.3621238574509604	3.5739960973605838	10.989010989010989	21.546677621443976	0.0	56.52665091917428	0.0
SRR6444792_2										3.7485878607373935	2.7729280065728665	31.89894217931601	21.906131251925647	28.643319297524904	0.0	0.0
SRR6444797_1										2.8967530098504195	1.4666180226194818	6.063480481576066	0.0	25.665815395840934	0.0	59.861364465523536
SRR6444797_2										3.192265596497629	3.6373586282378696	5.611090842758117	11.50674936154688	36.793141189346954	28.712148850784384	0.0
SRR6444802_1										3.5479756224311423	3.1416828081447536	20.39023007511693	4.284971890206454	30.22629564888742	31.50186611234469	0.0
SRR6444802_2										5.28180658572306	3.4629375915339917	19.42174138989937	10.384088439552134	48.6984456937686	0.0	0.0
SRR6444816_1										3.552405886070235	3.245463573169631	11.081520267220366	10.390900063194005	41.34242123318588	23.53525322740814	0.0
SRR6444816_2										4.3603863862056516	5.019409587433421	10.666245373296018	16.629051187144533	49.557641960819716	0.0	0.0
SRR6444823_1										3.364098247301807	1.990199320566395	8.931846195472447	9.019030153624147	27.372756516249286	0.0	44.03391155337763
SRR6444823_2										4.061569912515408	2.97928629408051	11.911132489552957	6.511739770916634	24.137931034482758	41.349246910982174	0.0
SRR6444824_1										3.395931142410016	0.7167449139280125	5.968701095461658	10.76056338028169	23.94679186228482	0.0	50.80125195618154
SRR6444824_2										4.378716744913929	1.9029733959311426	9.934272300469484	14.63223787167449	35.27073552425665	24.851330203442878	0.0
SRR6444838_1										3.0572955577265675	3.0630423538877074	7.7581748175392224	8.4133095799092	42.21021780357451	29.302913625653698	0.0
SRR6444838_2										4.8847767369691395	3.0860295385322685	16.970289063846906	11.809666111143038	50.66950175277283	0.0	0.0
SRR6444840_1										2.9942839837983115	1.1242760343718061	7.64659121020555	8.664874891168566	22.02369686186925	0.0	53.06052920467881
SRR6444840_2										4.398682666464777	2.3356172161865465	8.449104743157815	15.641443010182837	38.91812090699171	20.161259794829085	0.0
SRR6444846_1										4.633152173913044	2.9551630434782608	29.347826086956523	27.05163043478261	28.043478260869563	0.0	0.0
SRR6444846_2										5.427989130434783	7.112771739130435	30.373641304347824	32.411684782608695	9.925271739130435	0.0	0.0
SRR6444849_1										2.5980660463419083	3.265827403758438	12.574347746761541	17.624521072796934	36.72687465790914	19.86498814085021	0.0
SRR6444849_2										4.331326400291918	2.2660098522167487	18.755701514322205	14.431673052362706	47.914614121510674	0.0	0.0
SRR6444854_1										4.20821699242122	0.4121792314851749	3.503523467623986	0.0	0.0	0.0	87.58808669059965
SRR6444854_2										6.608163808004256	1.0503922350751231	3.8492221779018747	0.0	14.745379603776094	63.056774365111025	0.0
SRR6444859_1										3.237666479084599	1.0016882386043895	8.651284937160007	9.266554117426375	24.997186268992685	47.13187019320953	0.0
SRR6444859_2										4.805852560495217	4.006752954417558	8.542487338210467	21.14425060964172	27.900956668542488	22.56237103732883	0.0
SRR6444863_1										2.414589417917544	1.8814100387149357	17.109284792501526	5.124634924947361	41.33328805270665	25.684303470760035	0.0
SRR6444863_2										3.8341370644569723	4.2484547986144126	17.228146437546695	12.48047272974258	51.816885145690414	0.0	0.0
SRR6444864_1										2.925748060583672	3.221278167713336	8.75507942371629	0.0	0.0	0.0	80.42113040265977
SRR6444864_2										7.114887329146658	3.8049501292944217	7.004063538973034	0.0	0.0	70.04802364240858	0.0
SRR6444881_1										3.3481669845306206	2.0131383767747404	26.395422759059123	15.499046408137318	23.26764144945963	21.47488874761602	0.0
SRR6444881_2										4.094087730451366	5.958889595253232	31.70586988768807	21.780038143674506	19.220173765628314	0.0	0.0
SRR6444885_1										4.540264011327821	2.0052071438359294	22.271959073676516	11.642990910336637	17.745398072443248	35.46795779472891	0.0
SRR6444885_2										6.974832138126342	4.339286529941077	22.230850043392866	11.049193806239439	10.432558351984653	32.658840725346	0.0
SRR6444903_1										4.087488840709094	3.8387960719296013	21.22178293585002	3.5135824512179568	60.53437061599286	0.0	0.0
SRR6444903_2										7.078178803724016	4.591251115929091	28.682565999234793	4.1703864303022575	41.12358117587043	0.0	0.0
SRR6444927_1										3.064839966930436	2.5835597023739223	13.059525215542694	12.339081138537852	15.796622180229125	15.182473130979096	31.820597614267154
SRR6444927_2										3.4870674382898317	2.828628794141963	16.44029762607771	7.874689972835715	42.010157080429906	15.622416440297627	0.0
SRR6444932_1										3.337209302325581	0.6627906976744186	7.790697674418605	3.6395348837209305	16.680232558139537	0.0	63.48255813953488
SRR6444932_2										5.738372093023256	3.0290697674418605	7.02906976744186	3.3313953488372094	13.401162790697674	57.31395348837209	0.0
SRR6444938_1										2.7037639535535987	1.9745330117237898	11.847198070342738	12.138890447074662	12.638133168788915	53.828462444606494	0.0
SRR6444938_2										4.790486340943512	6.260167162169743	14.02928142704886	7.71862904582936	6.950131822516408	48.99870982217984	0.0
SRR6444943_1										2.7021207880288514	0.721283238238777	7.1374744321240176	12.730110883841103	17.97825384863817	53.62256432339326	0.0
SRR6444943_2										3.967057810313274	2.395306276240715	9.403595650769727	23.69469264721714	49.18721067929809	0.0	0.0
SRR6444945_1										3.2233027439163586	3.1502533899465828	15.148609779482264	23.234260147011828	48.35410674336848	0.0	0.0
SRR6444945_2										4.136419668538557	3.981189791352783	17.741861845409304	24.567410856960233	37.1410309090079	0.0	0.0
SRR6444948_1										2.245807435205817	2.043508854227747	7.839802978773308	16.368593878269028	47.93010437434033	16.611938548141197	0.0
SRR6444948_2										4.371408467221767	2.354286384425941	16.902193033892342	16.160431570306084	49.65110824440014	0.0	0.0
SRR6444957_1										2.7716638134833294	2.926550908942692	14.221080948887257	13.862395043612945	59.76196299013614	0.0	0.0
SRR6444957_2										5.111274150158963	3.452351838265265	22.46678079400016	21.15839243498818	35.803374908290536	0.0	0.0
SRR6444958_1										2.572013724499295	1.0718940340984653	11.370588078836077	4.721121366066441	42.74809160305343	0.0	31.87222384764742
SRR6444958_2										3.835412399925526	3.4098465303082692	10.266776604516318	15.658164215229938	38.95257600340452	15.761895895949147	0.0
SRR6444959_1										2.17103396083625	1.480465424273957	8.055056286065652	6.527291646958661	21.033960836250117	0.0	56.09213887049474
SRR6444959_2										3.202156844196386	3.2920253523791505	9.965944565320216	17.339892157790178	54.81978999148615	0.0	0.0
SRR6444964_1										4.123711340206185	1.795357318185006	11.242022582228769	14.958973280033664	0.0	62.51490286836384	0.0
SRR6444964_2										5.694648993618066	2.552773686794305	21.43909110035767	13.093484816607054	46.30058208850551	0.0	0.0
SRR6444980_1										3.628377479036337	2.1775588979102887	6.173299614002396	7.211500066551311	36.283774790363374	0.0	39.086916012245446
SRR6444980_2										3.3914548116597896	2.499667243444696	9.519499534140822	5.4625316118727545	51.766271795554374	17.090376680420604	0.0
SRR6444996_1										2.5721993991047887	2.1705806609847325	12.137470108529033	19.247041510822246	28.315653933411	29.915997302103133	0.0
SRR6444996_2										3.280397326629468	2.6089889018333436	17.72947452326936	13.835918817830645	35.569317554724385	16.8036053712674	0.0
SRR6444999_1										2.738289802337414	1.2457985136760308	8.859354281661476	5.035616269388511	23.886027937956765	18.40944833328194	34.63874926763083
SRR6444999_2										4.569983656603657	2.8184649542076534	11.542138209627186	10.012643004717999	29.421197076690614	0.0	32.514107743069474
SRR6445001_1										4.1151881096144916	1.207617278216442	5.959126799814213	10.603808639108221	11.681374825824431	0.0	61.973989781699956
SRR6445001_2										4.2591732466326055	1.5699024616813748	8.462610311193682	13.381328379006039	5.2345564328843475	0.0	58.42545285647933
SRR6445013_1										3.1537684860723405	3.9852705351309616	19.047336223792836	24.576824850032665	41.59885965433272	0.0	0.0
SRR6445013_2										4.181267446694779	5.582942329393598	17.378392825325175	40.77923620597493	18.685038902417293	0.0	0.0
SRR6445016_1										1.6965243952778006	0.8379427061834394	8.247337571204492	8.181292825889539	32.110129612812685	0.0	43.59365970444976
SRR6445016_2										3.454965739288368	2.1258152398249814	11.681664327581936	11.58259720960951	35.89944687525799	25.58821101296128	0.0
SRR6445020_1										2.6272397493679236	1.6049247004506981	8.405701513319409	6.038620790736873	27.514565241288334	0.0	48.88791176578359
SRR6445020_2										4.180865486790517	2.997325125499249	11.047598109266792	14.297753838261698	31.197097944377266	25.05587922758419	0.0
SRR6445027_1										4.44503504866948	3.159363476296469	12.810205641008604	15.039367462874987	3.5181555430052156	0.0	56.403441746121395
SRR6445027_2										6.415069266801768	3.8703033121823194	12.514534400850469	12.348426962559383	29.018969469452845	25.18188764492874	0.0
SRR6445035_1										3.046540771790329	0.8167322069054924	13.741843481267017	20.751047923598804	29.242470074759087	25.33166241735448	0.0
SRR6445035_2										4.165766388660819	4.105267706667819	14.921567780130504	18.715699407977183	46.09999567866557	0.0	0.0
