	17.0	18.0	19.0	20.0	21.0	22.0	23.0	24.0	25.0	26.0	27.0	28.0	29.0	30.0	31.0	32.0	33.0	34.0	35.0	36.0	37.0	38.0
SRR6443836_1	1.0	0.0	1.0	4.0	7.0	13.0	21.0	54.0	73.0	113.0	161.0	247.0	344.0	482.0	695.0	998.0	1344.0	1805.0	2662.0	4664.0	13118.0	572.0
	15.0	16.0	17.0	18.0	19.0	20.0	21.0	22.0	23.0	24.0	25.0	26.0	27.0	28.0	29.0	30.0	31.0	32.0	33.0	34.0	35.0	36.0	37.0
SRR6443836_2	2.0	9.0	20.0	36.0	68.0	92.0	134.0	132.0	171.0	238.0	268.0	353.0	478.0	771.0	1039.0	1293.0	1834.0	2265.0	2719.0	3516.0	4840.0	5424.0	1677.0
	19.0	20.0	21.0	22.0	23.0	24.0	25.0	26.0	27.0	28.0	29.0	30.0	31.0	32.0	33.0	34.0	35.0	36.0	37.0	38.0
SRR6443839_1	5.0	8.0	16.0	40.0	58.0	102.0	125.0	206.0	322.0	431.0	491.0	727.0	962.0	1324.0	1827.0	2551.0	3603.0	6558.0	17513.0	826.0
	15.0	16.0	17.0	18.0	19.0	20.0	21.0	22.0	23.0	24.0	25.0	26.0	27.0	28.0	29.0	30.0	31.0	32.0	33.0	34.0	35.0	36.0	37.0	38.0
SRR6443839_2	1.0	4.0	24.0	46.0	62.0	123.0	122.0	144.0	186.0	242.0	291.0	400.0	521.0	741.0	977.0	1333.0	1845.0	2419.0	3154.0	4128.0	5777.0	8341.0	6775.0	39.0
	20.0	21.0	22.0	23.0	24.0	25.0	26.0	27.0	28.0	29.0	30.0	31.0	32.0	33.0	34.0	35.0	36.0	37.0	38.0
SRR6443844_1	1.0	6.0	7.0	32.0	45.0	67.0	89.0	129.0	170.0	250.0	353.0	443.0	640.0	834.0	1025.0	1525.0	2626.0	5951.0	212.0
	15.0	16.0	17.0	18.0	19.0	20.0	21.0	22.0	23.0	24.0	25.0	26.0	27.0	28.0	29.0	30.0	31.0	32.0	33.0	34.0	35.0	36.0	37.0	38.0
SRR6443844_2	1.0	4.0	8.0	27.0	30.0	58.0	77.0	94.0	107.0	138.0	142.0	191.0	272.0	360.0	532.0	671.0	949.0	1136.0	1550.0	1842.0	2511.0	2710.0	992.0	3.0
	18.0	19.0	20.0	21.0	22.0	23.0	24.0	25.0	26.0	27.0	28.0	29.0	30.0	31.0	32.0	33.0	34.0	35.0	36.0	37.0	38.0
SRR6443871_1	1.0	1.0	6.0	11.0	21.0	30.0	80.0	78.0	114.0	176.0	262.0	365.0	583.0	831.0	1201.0	1736.0	2423.0	3753.0	6452.0	18335.0	883.0
	14.0	15.0	16.0	17.0	18.0	19.0	20.0	21.0	22.0	23.0	24.0	25.0	26.0	27.0	28.0	29.0	30.0	31.0	32.0	33.0	34.0	35.0	36.0	37.0	38.0
SRR6443871_2	1.0	5.0	13.0	18.0	39.0	73.0	93.0	110.0	149.0	124.0	155.0	168.0	250.0	354.0	533.0	821.0	1179.0	1605.0	2228.0	3073.0	4224.0	6209.0	9173.0	6691.0	54.0
	19.0	20.0	21.0	22.0	23.0	24.0	25.0	26.0	27.0	28.0	29.0	30.0	31.0	32.0	33.0	34.0	35.0	36.0	37.0	38.0
SRR6443905_1	1.0	3.0	9.0	15.0	35.0	43.0	76.0	126.0	150.0	223.0	321.0	469.0	644.0	919.0	1240.0	1638.0	2293.0	4104.0	10283.0	444.0
	15.0	16.0	17.0	18.0	19.0	20.0	21.0	22.0	23.0	24.0	25.0	26.0	27.0	28.0	29.0	30.0	31.0	32.0	33.0	34.0	35.0	36.0	37.0
SRR6443905_2	5.0	9.0	21.0	44.0	69.0	101.0	145.0	185.0	316.0	290.0	284.0	333.0	473.0	661.0	899.0	1133.0	1518.0	1785.0	2289.0	3134.0	4051.0	4076.0	1215.0
	20.0	21.0	22.0	23.0	24.0	25.0	26.0	27.0	28.0	29.0	30.0	31.0	32.0	33.0	34.0	35.0	36.0	37.0	38.0
SRR6443910_1	9.0	13.0	17.0	47.0	63.0	95.0	140.0	194.0	274.0	422.0	626.0	753.0	1075.0	1422.0	1891.0	2612.0	4413.0	11362.0	685.0
	14.0	15.0	16.0	17.0	18.0	19.0	20.0	21.0	22.0	23.0	24.0	25.0	26.0	27.0	28.0	29.0	30.0	31.0	32.0	33.0	34.0	35.0	36.0	37.0	38.0
SRR6443910_2	1.0	1.0	5.0	12.0	26.0	55.0	68.0	71.0	88.0	99.0	133.0	154.0	206.0	306.0	452.0	624.0	912.0	1197.0	1653.0	2109.0	2738.0	3808.0	5692.0	5646.0	57.0
	19.0	20.0	21.0	22.0	23.0	24.0	25.0	26.0	27.0	28.0	29.0	30.0	31.0	32.0	33.0	34.0	35.0	36.0	37.0	38.0
SRR6443915_1	1.0	5.0	16.0	32.0	64.0	113.0	139.0	204.0	273.0	390.0	514.0	708.0	947.0	1299.0	1683.0	2287.0	3279.0	5828.0	14467.0	787.0
	15.0	16.0	17.0	18.0	19.0	20.0	21.0	22.0	23.0	24.0	25.0	26.0	27.0	28.0	29.0	30.0	31.0	32.0	33.0	34.0	35.0	36.0	37.0	38.0
SRR6443915_2	2.0	2.0	11.0	32.0	71.0	75.0	90.0	105.0	110.0	137.0	188.0	280.0	420.0	555.0	874.0	1242.0	1660.0	2258.0	2885.0	3929.0	5128.0	7131.0	5777.0	74.0
	18.0	19.0	20.0	21.0	22.0	23.0	24.0	25.0	26.0	27.0	28.0	29.0	30.0	31.0	32.0	33.0	34.0	35.0	36.0	37.0	38.0
SRR6443923_1	1.0	0.0	1.0	6.0	12.0	20.0	18.0	29.0	51.0	81.0	111.0	180.0	236.0	346.0	643.0	878.0	1177.0	1775.0	3217.0	9519.0	149.0
	16.0	17.0	18.0	19.0	20.0	21.0	22.0	23.0	24.0	25.0	26.0	27.0	28.0	29.0	30.0	31.0	32.0	33.0	34.0	35.0	36.0	37.0
SRR6443923_2	2.0	6.0	25.0	39.0	52.0	62.0	71.0	98.0	113.0	152.0	232.0	315.0	488.0	686.0	907.0	1230.0	1475.0	1894.0	2418.0	3256.0	3681.0	1248.0
	19.0	20.0	21.0	22.0	23.0	24.0	25.0	26.0	27.0	28.0	29.0	30.0	31.0	32.0	33.0	34.0	35.0	36.0	37.0	38.0
SRR6443924_1	2.0	5.0	16.0	21.0	33.0	48.0	88.0	110.0	176.0	216.0	342.0	505.0	669.0	926.0	1360.0	1792.0	2456.0	4287.0	11743.0	347.0
	15.0	16.0	17.0	18.0	19.0	20.0	21.0	22.0	23.0	24.0	25.0	26.0	27.0	28.0	29.0	30.0	31.0	32.0	33.0	34.0	35.0	36.0	37.0	38.0
SRR6443924_2	1.0	3.0	18.0	52.0	77.0	99.0	107.0	134.0	126.0	142.0	193.0	264.0	406.0	565.0	784.0	1176.0	1516.0	1928.0	2444.0	3236.0	4514.0	5222.0	2134.0	1.0
	17.0	18.0	19.0	20.0	21.0	22.0	23.0	24.0	25.0	26.0	27.0	28.0	29.0	30.0	31.0	32.0	33.0	34.0	35.0	36.0	37.0	38.0
SRR6443934_1	1.0	0.0	2.0	2.0	10.0	20.0	36.0	52.0	93.0	139.0	196.0	280.0	397.0	588.0	751.0	1007.0	1269.0	1711.0	2524.0	4428.0	11262.0	547.0
	16.0	17.0	18.0	19.0	20.0	21.0	22.0	23.0	24.0	25.0	26.0	27.0	28.0	29.0	30.0	31.0	32.0	33.0	34.0	35.0	36.0	37.0
SRR6443934_2	3.0	13.0	40.0	73.0	84.0	102.0	110.0	204.0	187.0	206.0	295.0	439.0	601.0	814.0	1159.0	1435.0	1947.0	2465.0	3363.0	4530.0	5398.0	1847.0
	18.0	19.0	20.0	21.0	22.0	23.0	24.0	25.0	26.0	27.0	28.0	29.0	30.0	31.0	32.0	33.0	34.0	35.0	36.0	37.0	38.0
SRR6443943_1	2.0	0.0	7.0	3.0	17.0	28.0	50.0	77.0	123.0	150.0	202.0	337.0	425.0	526.0	704.0	940.0	1361.0	1896.0	3346.0	8210.0	363.0
	14.0	15.0	16.0	17.0	18.0	19.0	20.0	21.0	22.0	23.0	24.0	25.0	26.0	27.0	28.0	29.0	30.0	31.0	32.0	33.0	34.0	35.0	36.0	37.0	38.0
SRR6443943_2	1.0	1.0	4.0	14.0	34.0	57.0	57.0	81.0	114.0	140.0	169.0	181.0	251.0	353.0	491.0	679.0	883.0	1148.0	1424.0	1847.0	2522.0	3245.0	3633.0	1436.0	2.0
	19.0	20.0	21.0	22.0	23.0	24.0	25.0	26.0	27.0	28.0	29.0	30.0	31.0	32.0	33.0	34.0	35.0	36.0	37.0	38.0
SRR6443949_1	2.0	2.0	11.0	18.0	26.0	65.0	76.0	116.0	155.0	226.0	368.0	467.0	623.0	879.0	1180.0	1532.0	2111.0	3351.0	9158.0	420.0
	15.0	16.0	17.0	18.0	19.0	20.0	21.0	22.0	23.0	24.0	25.0	26.0	27.0	28.0	29.0	30.0	31.0	32.0	33.0	34.0	35.0	36.0	37.0
SRR6443949_2	5.0	9.0	28.0	42.0	73.0	113.0	179.0	319.0	541.0	517.0	325.0	327.0	376.0	558.0	741.0	958.0	1190.0	1539.0	1880.0	2600.0	3321.0	3867.0	1278.0
	19.0	20.0	21.0	22.0	23.0	24.0	25.0	26.0	27.0	28.0	29.0	30.0	31.0	32.0	33.0	34.0	35.0	36.0	37.0	38.0
SRR6443958_1	1.0	2.0	5.0	13.0	26.0	55.0	102.0	139.0	178.0	237.0	341.0	465.0	723.0	860.0	1139.0	1568.0	2221.0	3768.0	8952.0	357.0
	16.0	17.0	18.0	19.0	20.0	21.0	22.0	23.0	24.0	25.0	26.0	27.0	28.0	29.0	30.0	31.0	32.0	33.0	34.0	35.0	36.0	37.0
SRR6443958_2	2.0	15.0	50.0	63.0	100.0	121.0	130.0	142.0	195.0	286.0	500.0	657.0	866.0	1074.0	1385.0	1646.0	1901.0	2238.0	2808.0	3352.0	2931.0	690.0
	19.0	20.0	21.0	22.0	23.0	24.0	25.0	26.0	27.0	28.0	29.0	30.0	31.0	32.0	33.0	34.0	35.0	36.0	37.0	38.0
SRR6443964_1	4.0	1.0	9.0	20.0	37.0	89.0	100.0	137.0	181.0	295.0	415.0	562.0	754.0	995.0	1375.0	1789.0	2616.0	4367.0	10157.0	667.0
	17.0	18.0	19.0	20.0	21.0	22.0	23.0	24.0	25.0	26.0	27.0	28.0	29.0	30.0	31.0	32.0	33.0	34.0	35.0	36.0	37.0
SRR6443964_2	16.0	52.0	67.0	79.0	92.0	116.0	126.0	165.0	171.0	330.0	505.0	751.0	989.0	1308.0	1656.0	2186.0	2741.0	3343.0	4190.0	4369.0	1318.0
	18.0	19.0	20.0	21.0	22.0	23.0	24.0	25.0	26.0	27.0	28.0	29.0	30.0	31.0	32.0	33.0	34.0	35.0	36.0	37.0	38.0
SRR6443968_1	1.0	5.0	3.0	5.0	23.0	40.0	51.0	77.0	133.0	154.0	218.0	295.0	410.0	597.0	911.0	1248.0	1739.0	2662.0	5030.0	13873.0	342.0
	16.0	17.0	18.0	19.0	20.0	21.0	22.0	23.0	24.0	25.0	26.0	27.0	28.0	29.0	30.0	31.0	32.0	33.0	34.0	35.0	36.0	37.0	38.0
SRR6443968_2	6.0	25.0	53.0	85.0	117.0	126.0	135.0	166.0	166.0	265.0	323.0	545.0	756.0	1073.0	1354.0	1810.0	2206.0	2863.0	3814.0	5165.0	5357.0	1406.0	1.0
	18.0	19.0	20.0	21.0	22.0	23.0	24.0	25.0	26.0	27.0	28.0	29.0	30.0	31.0	32.0	33.0	34.0	35.0	36.0	37.0	38.0
SRR6443974_1	2.0	1.0	4.0	11.0	26.0	51.0	55.0	80.0	116.0	134.0	200.0	278.0	361.0	537.0	665.0	903.0	1246.0	1789.0	3140.0	9170.0	491.0
	16.0	17.0	18.0	19.0	20.0	21.0	22.0	23.0	24.0	25.0	26.0	27.0	28.0	29.0	30.0	31.0	32.0	33.0	34.0	35.0	36.0	37.0	38.0
SRR6443974_2	6.0	19.0	25.0	47.0	45.0	65.0	65.0	97.0	124.0	136.0	185.0	232.0	368.0	562.0	812.0	912.0	1167.0	1517.0	2091.0	2892.0	4390.0	3475.0	28.0
	20.0	21.0	22.0	23.0	24.0	25.0	26.0	27.0	28.0	29.0	30.0	31.0	32.0	33.0	34.0	35.0	36.0	37.0	38.0
SRR6444008_1	3.0	3.0	13.0	20.0	31.0	51.0	77.0	91.0	109.0	185.0	269.0	378.0	583.0	765.0	1200.0	1721.0	3192.0	11540.0	614.0
	15.0	16.0	17.0	18.0	19.0	20.0	21.0	22.0	23.0	24.0	25.0	26.0	27.0	28.0	29.0	30.0	31.0	32.0	33.0	34.0	35.0	36.0	37.0	38.0
SRR6444008_2	1.0	3.0	18.0	28.0	68.0	74.0	86.0	91.0	90.0	101.0	123.0	168.0	262.0	385.0	615.0	849.0	1134.0	1533.0	2037.0	2679.0	3892.0	4805.0	1800.0	3.0
	19.0	20.0	21.0	22.0	23.0	24.0	25.0	26.0	27.0	28.0	29.0	30.0	31.0	32.0	33.0	34.0	35.0	36.0	37.0	38.0
SRR6444010_1	1.0	3.0	4.0	10.0	25.0	70.0	95.0	139.0	214.0	238.0	372.0	503.0	718.0	892.0	1200.0	1685.0	2574.0	4229.0	10393.0	396.0
	15.0	16.0	17.0	18.0	19.0	20.0	21.0	22.0	23.0	24.0	25.0	26.0	27.0	28.0	29.0	30.0	31.0	32.0	33.0	34.0	35.0	36.0	37.0	38.0
SRR6444010_2	2.0	5.0	9.0	30.0	64.0	108.0	117.0	164.0	183.0	243.0	276.0	372.0	488.0	688.0	916.0	1219.0	1650.0	2020.0	2613.0	3323.0	4160.0	3924.0	1184.0	3.0
	20.0	21.0	22.0	23.0	24.0	25.0	26.0	27.0	28.0	29.0	30.0	31.0	32.0	33.0	34.0	35.0	36.0	37.0	38.0
SRR6444024_1	8.0	21.0	31.0	73.0	122.0	126.0	185.0	220.0	311.0	431.0	584.0	903.0	1196.0	1662.0	2225.0	3380.0	5688.0	17726.0	1005.0
	16.0	17.0	18.0	19.0	20.0	21.0	22.0	23.0	24.0	25.0	26.0	27.0	28.0	29.0	30.0	31.0	32.0	33.0	34.0	35.0	36.0	37.0	38.0
SRR6444024_2	5.0	20.0	37.0	66.0	105.0	121.0	116.0	132.0	169.0	185.0	260.0	406.0	603.0	941.0	1438.0	1607.0	1984.0	2738.0	3641.0	5306.0	8428.0	7542.0	47.0
	20.0	21.0	22.0	23.0	24.0	25.0	26.0	27.0	28.0	29.0	30.0	31.0	32.0	33.0	34.0	35.0	36.0	37.0	38.0
SRR6444025_1	3.0	5.0	28.0	60.0	80.0	123.0	159.0	210.0	278.0	416.0	562.0	769.0	989.0	1331.0	1727.0	2589.0	4460.0	9283.0	320.0
	16.0	17.0	18.0	19.0	20.0	21.0	22.0	23.0	24.0	25.0	26.0	27.0	28.0	29.0	30.0	31.0	32.0	33.0	34.0	35.0	36.0	37.0	38.0
SRR6444025_2	2.0	13.0	40.0	57.0	83.0	100.0	112.0	112.0	123.0	193.0	263.0	458.0	616.0	859.0	1149.0	1615.0	1997.0	2423.0	3170.0	4078.0	4341.0	1586.0	2.0
	20.0	21.0	22.0	23.0	24.0	25.0	26.0	27.0	28.0	29.0	30.0	31.0	32.0	33.0	34.0	35.0	36.0	37.0	38.0
SRR6444031_1	3.0	4.0	12.0	16.0	32.0	57.0	71.0	108.0	153.0	215.0	335.0	460.0	693.0	1016.0	1345.0	2054.0	3738.0	10382.0	224.0
	14.0	15.0	16.0	17.0	18.0	19.0	20.0	21.0	22.0	23.0	24.0	25.0	26.0	27.0	28.0	29.0	30.0	31.0	32.0	33.0	34.0	35.0	36.0	37.0
SRR6444031_2	1.0	1.0	7.0	18.0	44.0	79.0	66.0	104.0	152.0	201.0	238.0	308.0	390.0	556.0	744.0	995.0	1178.0	1417.0	1728.0	2148.0	2809.0	3566.0	3367.0	801.0
	18.0	19.0	20.0	21.0	22.0	23.0	24.0	25.0	26.0	27.0	28.0	29.0	30.0	31.0	32.0	33.0	34.0	35.0	36.0	37.0	38.0
SRR6444036_1	1.0	0.0	0.0	8.0	11.0	14.0	30.0	31.0	58.0	78.0	137.0	170.0	267.0	358.0	509.0	661.0	937.0	1301.0	2313.0	6719.0	446.0
	16.0	17.0	18.0	19.0	20.0	21.0	22.0	23.0	24.0	25.0	26.0	27.0	28.0	29.0	30.0	31.0	32.0	33.0	34.0	35.0	36.0	37.0	38.0
SRR6444036_2	4.0	8.0	23.0	37.0	42.0	57.0	47.0	47.0	59.0	82.0	112.0	205.0	285.0	368.0	523.0	731.0	974.0	1324.0	1705.0	2415.0	3313.0	1685.0	3.0
	20.0	21.0	22.0	23.0	24.0	25.0	26.0	27.0	28.0	29.0	30.0	31.0	32.0	33.0	34.0	35.0	36.0	37.0	38.0
SRR6444040_1	1.0	4.0	15.0	23.0	46.0	58.0	84.0	114.0	178.0	247.0	377.0	526.0	806.0	1062.0	1511.0	2318.0	4165.0	12076.0	1074.0
	16.0	17.0	18.0	19.0	20.0	21.0	22.0	23.0	24.0	25.0	26.0	27.0	28.0	29.0	30.0	31.0	32.0	33.0	34.0	35.0	36.0	37.0
SRR6444040_2	2.0	10.0	33.0	68.0	81.0	99.0	100.0	99.0	108.0	138.0	220.0	321.0	526.0	752.0	1062.0	1473.0	2000.0	2578.0	3458.0	4613.0	5148.0	1796.0
	20.0	21.0	22.0	23.0	24.0	25.0	26.0	27.0	28.0	29.0	30.0	31.0	32.0	33.0	34.0	35.0	36.0	37.0	38.0
SRR6444041_1	3.0	9.0	14.0	24.0	33.0	48.0	69.0	111.0	126.0	239.0	288.0	401.0	555.0	736.0	1007.0	1447.0	2560.0	7035.0	405.0
	15.0	16.0	17.0	18.0	19.0	20.0	21.0	22.0	23.0	24.0	25.0	26.0	27.0	28.0	29.0	30.0	31.0	32.0	33.0	34.0	35.0	36.0	37.0	38.0
SRR6444041_2	2.0	10.0	20.0	28.0	44.0	51.0	118.0	198.0	351.0	383.0	265.0	199.0	193.0	307.0	432.0	554.0	745.0	1008.0	1268.0	1707.0	2446.0	3208.0	1570.0	3.0
	14.0	15.0	16.0	17.0	18.0	19.0	20.0	21.0	22.0	23.0	24.0	25.0	26.0	27.0	28.0	29.0	30.0	31.0	32.0	33.0	34.0	35.0	36.0	37.0	38.0
SRR6444047_1	1.0	0.0	0.0	0.0	0.0	3.0	3.0	5.0	16.0	32.0	51.0	83.0	126.0	183.0	261.0	351.0	538.0	674.0	969.0	1307.0	1835.0	2694.0	4741.0	13640.0	1719.0
	14.0	15.0	16.0	17.0	18.0	19.0	20.0	21.0	22.0	23.0	24.0	25.0	26.0	27.0	28.0	29.0	30.0	31.0	32.0	33.0	34.0	35.0	36.0	37.0	38.0
SRR6444047_2	1.0	2.0	12.0	30.0	54.0	70.0	73.0	114.0	194.0	328.0	464.0	532.0	494.0	455.0	549.0	695.0	923.0	1260.0	1720.0	2312.0	3073.0	4095.0	6050.0	5590.0	142.0
	17.0	18.0	19.0	20.0	21.0	22.0	23.0	24.0	25.0	26.0	27.0	28.0	29.0	30.0	31.0	32.0	33.0	34.0	35.0	36.0	37.0	38.0
SRR6444051_1	2.0	0.0	1.0	3.0	12.0	21.0	41.0	59.0	102.0	143.0	180.0	260.0	355.0	537.0	791.0	1133.0	1560.0	2132.0	3158.0	5505.0	15561.0	663.0
	15.0	16.0	17.0	18.0	19.0	20.0	21.0	22.0	23.0	24.0	25.0	26.0	27.0	28.0	29.0	30.0	31.0	32.0	33.0	34.0	35.0	36.0	37.0	38.0
SRR6444051_2	4.0	4.0	16.0	50.0	69.0	95.0	104.0	109.0	177.0	218.0	212.0	238.0	289.0	409.0	654.0	939.0	1298.0	1905.0	2499.0	3364.0	5170.0	7751.0	6576.0	69.0
	18.0	19.0	20.0	21.0	22.0	23.0	24.0	25.0	26.0	27.0	28.0	29.0	30.0	31.0	32.0	33.0	34.0	35.0	36.0	37.0	38.0
SRR6444056_1	3.0	2.0	2.0	6.0	26.0	38.0	39.0	93.0	138.0	196.0	255.0	427.0	586.0	902.0	1243.0	1783.0	2515.0	3678.0	6469.0	18657.0	810.0
	14.0	15.0	16.0	17.0	18.0	19.0	20.0	21.0	22.0	23.0	24.0	25.0	26.0	27.0	28.0	29.0	30.0	31.0	32.0	33.0	34.0	35.0	36.0	37.0	38.0
SRR6444056_2	1.0	1.0	4.0	16.0	38.0	73.0	90.0	123.0	141.0	171.0	161.0	201.0	246.0	327.0	473.0	681.0	983.0	1519.0	2050.0	2783.0	4055.0	5807.0	9154.0	8651.0	119.0
	18.0	19.0	20.0	21.0	22.0	23.0	24.0	25.0	26.0	27.0	28.0	29.0	30.0	31.0	32.0	33.0	34.0	35.0	36.0	37.0	38.0
SRR6444059_1	1.0	3.0	5.0	14.0	13.0	41.0	45.0	69.0	97.0	133.0	211.0	330.0	403.0	651.0	920.0	1211.0	1690.0	2669.0	4816.0	15080.0	1175.0
	15.0	16.0	17.0	18.0	19.0	20.0	21.0	22.0	23.0	24.0	25.0	26.0	27.0	28.0	29.0	30.0	31.0	32.0	33.0	34.0	35.0	36.0	37.0	38.0
SRR6444059_2	2.0	5.0	21.0	41.0	73.0	78.0	116.0	114.0	122.0	131.0	165.0	222.0	343.0	498.0	688.0	999.0	1401.0	1816.0	2457.0	3388.0	5012.0	6858.0	4984.0	43.0
	19.0	20.0	21.0	22.0	23.0	24.0	25.0	26.0	27.0	28.0	29.0	30.0	31.0	32.0	33.0	34.0	35.0	36.0	37.0	38.0
SRR6444066_1	3.0	6.0	8.0	7.0	22.0	40.0	63.0	92.0	151.0	199.0	302.0	403.0	562.0	758.0	1160.0	1459.0	2168.0	3560.0	9874.0	625.0
	15.0	16.0	17.0	18.0	19.0	20.0	21.0	22.0	23.0	24.0	25.0	26.0	27.0	28.0	29.0	30.0	31.0	32.0	33.0	34.0	35.0	36.0	37.0	38.0
SRR6444066_2	1.0	7.0	12.0	28.0	68.0	64.0	84.0	97.0	102.0	114.0	169.0	249.0	319.0	523.0	691.0	933.0	1307.0	1644.0	2170.0	2728.0	3746.0	4573.0	1826.0	7.0
	17.0	18.0	19.0	20.0	21.0	22.0	23.0	24.0	25.0	26.0	27.0	28.0	29.0	30.0	31.0	32.0	33.0	34.0	35.0	36.0	37.0	38.0
SRR6444070_1	1.0	0.0	2.0	5.0	10.0	19.0	30.0	54.0	91.0	128.0	174.0	280.0	381.0	651.0	832.0	1225.0	1615.0	2260.0	3263.0	5513.0	16600.0	917.0
	15.0	16.0	17.0	18.0	19.0	20.0	21.0	22.0	23.0	24.0	25.0	26.0	27.0	28.0	29.0	30.0	31.0	32.0	33.0	34.0	35.0	36.0	37.0	38.0
SRR6444070_2	2.0	18.0	34.0	69.0	95.0	96.0	144.0	234.0	448.0	737.0	613.0	418.0	398.0	430.0	632.0	906.0	1347.0	1905.0	2481.0	3413.0	4893.0	7858.0	6838.0	42.0
	17.0	18.0	19.0	20.0	21.0	22.0	23.0	24.0	25.0	26.0	27.0	28.0	29.0	30.0	31.0	32.0	33.0	34.0	35.0	36.0	37.0	38.0
SRR6444072_1	1.0	0.0	1.0	4.0	9.0	18.0	28.0	66.0	69.0	124.0	129.0	200.0	250.0	350.0	462.0	677.0	924.0	1290.0	1944.0	3322.0	8935.0	172.0
	15.0	16.0	17.0	18.0	19.0	20.0	21.0	22.0	23.0	24.0	25.0	26.0	27.0	28.0	29.0	30.0	31.0	32.0	33.0	34.0	35.0	36.0	37.0
SRR6444072_2	4.0	10.0	29.0	59.0	71.0	82.0	134.0	161.0	225.0	256.0	265.0	343.0	471.0	541.0	747.0	971.0	1317.0	1610.0	2007.0	2562.0	3084.0	3094.0	932.0
	20.0	21.0	22.0	23.0	24.0	25.0	26.0	27.0	28.0	29.0	30.0	31.0	32.0	33.0	34.0	35.0	36.0	37.0	38.0
SRR6444079_1	3.0	5.0	13.0	19.0	35.0	45.0	82.0	87.0	136.0	202.0	273.0	402.0	600.0	829.0	1149.0	1700.0	3040.0	8457.0	89.0
	15.0	16.0	17.0	18.0	19.0	20.0	21.0	22.0	23.0	24.0	25.0	26.0	27.0	28.0	29.0	30.0	31.0	32.0	33.0	34.0	35.0	36.0	37.0	38.0
SRR6444079_2	3.0	6.0	20.0	38.0	60.0	76.0	72.0	129.0	202.0	206.0	186.0	190.0	257.0	416.0	534.0	682.0	1051.0	1274.0	1734.0	2305.0	3214.0	3407.0	1103.0	1.0
	20.0	21.0	22.0	23.0	24.0	25.0	26.0	27.0	28.0	29.0	30.0	31.0	32.0	33.0	34.0	35.0	36.0	37.0	38.0
SRR6444103_1	3.0	9.0	17.0	26.0	54.0	84.0	129.0	175.0	199.0	312.0	434.0	626.0	849.0	1045.0	1559.0	2119.0	3576.0	9062.0	413.0
	16.0	17.0	18.0	19.0	20.0	21.0	22.0	23.0	24.0	25.0	26.0	27.0	28.0	29.0	30.0	31.0	32.0	33.0	34.0	35.0	36.0	37.0	38.0
SRR6444103_2	3.0	20.0	44.0	61.0	68.0	91.0	122.0	159.0	159.0	209.0	281.0	351.0	486.0	780.0	980.0	1250.0	1641.0	2137.0	2605.0	3661.0	4023.0	1558.0	2.0
	19.0	20.0	21.0	22.0	23.0	24.0	25.0	26.0	27.0	28.0	29.0	30.0	31.0	32.0	33.0	34.0	35.0	36.0	37.0	38.0
SRR6444123_1	3.0	2.0	5.0	16.0	29.0	41.0	53.0	98.0	113.0	162.0	231.0	327.0	479.0	671.0	877.0	1171.0	1669.0	2929.0	8573.0	571.0
	15.0	16.0	17.0	18.0	19.0	20.0	21.0	22.0	23.0	24.0	25.0	26.0	27.0	28.0	29.0	30.0	31.0	32.0	33.0	34.0	35.0	36.0	37.0	38.0
SRR6444123_2	1.0	3.0	7.0	40.0	45.0	60.0	49.0	78.0	108.0	110.0	160.0	169.0	251.0	323.0	440.0	668.0	891.0	1152.0	1466.0	1986.0	2792.0	4060.0	3146.0	15.0
	19.0	20.0	21.0	22.0	23.0	24.0	25.0	26.0	27.0	28.0	29.0	30.0	31.0	32.0	33.0	34.0	35.0	36.0	37.0	38.0
SRR6444127_1	2.0	2.0	5.0	8.0	13.0	35.0	43.0	70.0	78.0	156.0	222.0	287.0	478.0	599.0	915.0	1288.0	2037.0	3403.0	8256.0	387.0
	15.0	16.0	17.0	18.0	19.0	20.0	21.0	22.0	23.0	24.0	25.0	26.0	27.0	28.0	29.0	30.0	31.0	32.0	33.0	34.0	35.0	36.0	37.0	38.0
SRR6444127_2	1.0	3.0	13.0	24.0	60.0	59.0	73.0	80.0	68.0	106.0	136.0	216.0	261.0	424.0	634.0	868.0	1091.0	1450.0	1773.0	2484.0	3298.0	3858.0	1303.0	1.0
	19.0	20.0	21.0	22.0	23.0	24.0	25.0	26.0	27.0	28.0	29.0	30.0	31.0	32.0	33.0	34.0	35.0	36.0	37.0	38.0
SRR6444141_1	1.0	3.0	8.0	12.0	28.0	43.0	79.0	87.0	125.0	187.0	271.0	417.0	514.0	814.0	1050.0	1522.0	2227.0	3822.0	10443.0	653.0
	16.0	17.0	18.0	19.0	20.0	21.0	22.0	23.0	24.0	25.0	26.0	27.0	28.0	29.0	30.0	31.0	32.0	33.0	34.0	35.0	36.0	37.0	38.0
SRR6444141_2	5.0	23.0	33.0	49.0	89.0	87.0	88.0	104.0	104.0	132.0	171.0	257.0	347.0	495.0	751.0	950.0	1255.0	1734.0	2374.0	3444.0	5306.0	4467.0	41.0
	19.0	20.0	21.0	22.0	23.0	24.0	25.0	26.0	27.0	28.0	29.0	30.0	31.0	32.0	33.0	34.0	35.0	36.0	37.0	38.0
SRR6444192_1	1.0	2.0	5.0	8.0	18.0	50.0	59.0	82.0	120.0	169.0	277.0	395.0	539.0	720.0	1013.0	1312.0	1959.0	3444.0	8774.0	314.0
	15.0	16.0	17.0	18.0	19.0	20.0	21.0	22.0	23.0	24.0	25.0	26.0	27.0	28.0	29.0	30.0	31.0	32.0	33.0	34.0	35.0	36.0	37.0	38.0
SRR6444192_2	3.0	10.0	17.0	41.0	58.0	103.0	132.0	180.0	288.0	339.0	280.0	309.0	355.0	517.0	638.0	894.0	1199.0	1488.0	1803.0	2438.0	3305.0	3620.0	1242.0	2.0
	19.0	20.0	21.0	22.0	23.0	24.0	25.0	26.0	27.0	28.0	29.0	30.0	31.0	32.0	33.0	34.0	35.0	36.0	37.0	38.0
SRR6444202_1	1.0	0.0	7.0	11.0	23.0	25.0	32.0	60.0	105.0	101.0	197.0	265.0	386.0	579.0	812.0	1113.0	1645.0	3210.0	10353.0	1054.0
	16.0	17.0	18.0	19.0	20.0	21.0	22.0	23.0	24.0	25.0	26.0	27.0	28.0	29.0	30.0	31.0	32.0	33.0	34.0	35.0	36.0	37.0
SRR6444202_2	2.0	8.0	27.0	53.0	74.0	92.0	82.0	94.0	101.0	131.0	194.0	336.0	467.0	575.0	872.0	1215.0	1528.0	2088.0	2764.0	3839.0	4048.0	1389.0
	20.0	21.0	22.0	23.0	24.0	25.0	26.0	27.0	28.0	29.0	30.0	31.0	32.0	33.0	34.0	35.0	36.0	37.0	38.0
SRR6444203_1	3.0	9.0	16.0	41.0	59.0	82.0	123.0	184.0	247.0	386.0	520.0	747.0	957.0	1400.0	1841.0	2605.0	4447.0	11594.0	637.0
	14.0	15.0	16.0	17.0	18.0	19.0	20.0	21.0	22.0	23.0	24.0	25.0	26.0	27.0	28.0	29.0	30.0	31.0	32.0	33.0	34.0	35.0	36.0	37.0
SRR6444203_2	1.0	0.0	15.0	33.0	107.0	115.0	155.0	164.0	200.0	280.0	355.0	477.0	713.0	954.0	1217.0	1579.0	1841.0	2203.0	2530.0	2902.0	3526.0	3644.0	2528.0	359.0
	20.0	21.0	22.0	23.0	24.0	25.0	26.0	27.0	28.0	29.0	30.0	31.0	32.0	33.0	34.0	35.0	36.0	37.0	38.0
SRR6444206_1	2.0	4.0	5.0	15.0	26.0	39.0	63.0	76.0	119.0	206.0	293.0	385.0	548.0	762.0	1062.0	1622.0	2671.0	6865.0	362.0
	17.0	18.0	19.0	20.0	21.0	22.0	23.0	24.0	25.0	26.0	27.0	28.0	29.0	30.0	31.0	32.0	33.0	34.0	35.0	36.0	37.0	38.0
SRR6444206_2	8.0	18.0	25.0	48.0	54.0	49.0	59.0	68.0	93.0	153.0	221.0	339.0	449.0	676.0	873.0	1167.0	1511.0	2006.0	2741.0	3229.0	1337.0	1.0
	19.0	20.0	21.0	22.0	23.0	24.0	25.0	26.0	27.0	28.0	29.0	30.0	31.0	32.0	33.0	34.0	35.0	36.0	37.0	38.0
SRR6444216_1	2.0	7.0	9.0	27.0	29.0	55.0	89.0	112.0	150.0	222.0	322.0	445.0	629.0	928.0	1262.0	1841.0	2653.0	4502.0	13057.0	548.0
	16.0	17.0	18.0	19.0	20.0	21.0	22.0	23.0	24.0	25.0	26.0	27.0	28.0	29.0	30.0	31.0	32.0	33.0	34.0	35.0	36.0	37.0	38.0
SRR6444216_2	6.0	44.0	68.0	92.0	105.0	143.0	183.0	279.0	303.0	362.0	520.0	626.0	871.0	1173.0	1503.0	1840.0	2237.0	2803.0	3374.0	4225.0	4431.0	1699.0	2.0
	19.0	20.0	21.0	22.0	23.0	24.0	25.0	26.0	27.0	28.0	29.0	30.0	31.0	32.0	33.0	34.0	35.0	36.0	37.0	38.0
SRR6444217_1	1.0	4.0	12.0	17.0	29.0	50.0	78.0	120.0	165.0	233.0	279.0	481.0	649.0	929.0	1166.0	1700.0	2289.0	3954.0	10009.0	641.0
	16.0	17.0	18.0	19.0	20.0	21.0	22.0	23.0	24.0	25.0	26.0	27.0	28.0	29.0	30.0	31.0	32.0	33.0	34.0	35.0	36.0	37.0	38.0
SRR6444217_2	8.0	19.0	48.0	62.0	85.0	94.0	105.0	113.0	118.0	183.0	258.0	378.0	587.0	759.0	1064.0	1361.0	1846.0	2413.0	3203.0	4125.0	4526.0	1448.0	3.0
	20.0	21.0	22.0	23.0	24.0	25.0	26.0	27.0	28.0	29.0	30.0	31.0	32.0	33.0	34.0	35.0	36.0	37.0	38.0
SRR6444218_1	1.0	6.0	13.0	27.0	38.0	68.0	102.0	147.0	216.0	275.0	422.0	559.0	758.0	1070.0	1441.0	2094.0	3533.0	9768.0	577.0
	14.0	15.0	16.0	17.0	18.0	19.0	20.0	21.0	22.0	23.0	24.0	25.0	26.0	27.0	28.0	29.0	30.0	31.0	32.0	33.0	34.0	35.0	36.0	37.0
SRR6444218_2	1.0	0.0	1.0	17.0	40.0	61.0	111.0	177.0	251.0	436.0	475.0	355.0	312.0	352.0	488.0	612.0	940.0	1186.0	1554.0	1942.0	2573.0	3530.0	4094.0	1607.0
	18.0	19.0	20.0	21.0	22.0	23.0	24.0	25.0	26.0	27.0	28.0	29.0	30.0	31.0	32.0	33.0	34.0	35.0	36.0	37.0	38.0
SRR6444257_1	1.0	4.0	5.0	11.0	20.0	35.0	66.0	94.0	125.0	183.0	304.0	414.0	545.0	785.0	1135.0	1602.0	2383.0	3458.0	5983.0	19061.0	149.0
	15.0	16.0	17.0	18.0	19.0	20.0	21.0	22.0	23.0	24.0	25.0	26.0	27.0	28.0	29.0	30.0	31.0	32.0	33.0	34.0	35.0	36.0	37.0	38.0
SRR6444257_2	2.0	7.0	30.0	49.0	74.0	119.0	124.0	178.0	263.0	314.0	341.0	364.0	433.0	588.0	844.0	1255.0	1775.0	2289.0	2969.0	3844.0	5718.0	8749.0	6025.0	9.0
	20.0	21.0	22.0	23.0	24.0	25.0	26.0	27.0	28.0	29.0	30.0	31.0	32.0	33.0	34.0	35.0	36.0	37.0	38.0
SRR6444265_1	3.0	12.0	14.0	31.0	53.0	86.0	143.0	154.0	279.0	322.0	517.0	705.0	955.0	1313.0	1844.0	2660.0	4819.0	12413.0	215.0
	15.0	16.0	17.0	18.0	19.0	20.0	21.0	22.0	23.0	24.0	25.0	26.0	27.0	28.0	29.0	30.0	31.0	32.0	33.0	34.0	35.0	36.0	37.0
SRR6444265_2	2.0	14.0	26.0	66.0	112.0	111.0	162.0	230.0	374.0	357.0	328.0	363.0	529.0	709.0	935.0	1331.0	1739.0	2144.0	2785.0	3556.0	4698.0	4825.0	1142.0
	15.0	16.0	17.0	18.0	19.0	20.0	21.0	22.0	23.0	24.0	25.0	26.0	27.0	28.0	29.0	30.0	31.0	32.0	33.0	34.0	35.0	36.0	37.0	38.0
SRR6444279_1	1.0	0.0	1.0	0.0	5.0	7.0	9.0	26.0	54.0	68.0	111.0	202.0	236.0	347.0	508.0	758.0	933.0	1331.0	1790.0	2409.0	3441.0	5778.0	15812.0	951.0
	13.0	14.0	15.0	16.0	17.0	18.0	19.0	20.0	21.0	22.0	23.0	24.0	25.0	26.0	27.0	28.0	29.0	30.0	31.0	32.0	33.0	34.0	35.0	36.0	37.0	38.0
SRR6444279_2	1.0	1.0	5.0	8.0	15.0	42.0	51.0	92.0	124.0	212.0	314.0	544.0	643.0	531.0	434.0	503.0	669.0	985.0	1278.0	1841.0	2485.0	3434.0	4844.0	7656.0	7932.0	134.0
	21.0	22.0	23.0	24.0	25.0	26.0	27.0	28.0	29.0	30.0	31.0	32.0	33.0	34.0	35.0	36.0	37.0	38.0
SRR6444288_1	4.0	12.0	21.0	32.0	57.0	64.0	120.0	171.0	246.0	301.0	478.0	654.0	904.0	1321.0	1983.0	3528.0	9540.0	489.0
	15.0	16.0	17.0	18.0	19.0	20.0	21.0	22.0	23.0	24.0	25.0	26.0	27.0	28.0	29.0	30.0	31.0	32.0	33.0	34.0	35.0	36.0	37.0
SRR6444288_2	4.0	1.0	11.0	17.0	38.0	57.0	52.0	76.0	69.0	89.0	131.0	186.0	290.0	389.0	624.0	809.0	1079.0	1497.0	2011.0	2669.0	3728.0	4317.0	1781.0
	18.0	19.0	20.0	21.0	22.0	23.0	24.0	25.0	26.0	27.0	28.0	29.0	30.0	31.0	32.0	33.0	34.0	35.0	36.0	37.0	38.0
SRR6444294_1	1.0	2.0	7.0	12.0	15.0	33.0	46.0	84.0	128.0	155.0	252.0	354.0	529.0	700.0	912.0	1225.0	1645.0	2524.0	4609.0	12521.0	1119.0
	16.0	17.0	18.0	19.0	20.0	21.0	22.0	23.0	24.0	25.0	26.0	27.0	28.0	29.0	30.0	31.0	32.0	33.0	34.0	35.0	36.0	37.0	38.0
SRR6444294_2	4.0	15.0	41.0	78.0	99.0	120.0	117.0	113.0	154.0	198.0	279.0	458.0	635.0	877.0	1181.0	1553.0	1968.0	2621.0	3513.0	4758.0	5815.0	2274.0	2.0
	19.0	20.0	21.0	22.0	23.0	24.0	25.0	26.0	27.0	28.0	29.0	30.0	31.0	32.0	33.0	34.0	35.0	36.0	37.0	38.0
SRR6444311_1	2.0	2.0	5.0	15.0	24.0	37.0	63.0	73.0	120.0	174.0	231.0	336.0	491.0	677.0	931.0	1216.0	1906.0	3262.0	7907.0	363.0
	15.0	16.0	17.0	18.0	19.0	20.0	21.0	22.0	23.0	24.0	25.0	26.0	27.0	28.0	29.0	30.0	31.0	32.0	33.0	34.0	35.0	36.0	37.0
SRR6444311_2	1.0	2.0	12.0	26.0	48.0	66.0	78.0	125.0	149.0	188.0	157.0	185.0	275.0	337.0	546.0	752.0	1004.0	1319.0	1678.0	2399.0	3153.0	3827.0	1508.0
	20.0	21.0	22.0	23.0	24.0	25.0	26.0	27.0	28.0	29.0	30.0	31.0	32.0	33.0	34.0	35.0	36.0	37.0	38.0
SRR6444312_1	1.0	5.0	12.0	23.0	43.0	60.0	83.0	119.0	155.0	237.0	320.0	452.0	577.0	769.0	997.0	1448.0	2354.0	6364.0	349.0
	14.0	15.0	16.0	17.0	18.0	19.0	20.0	21.0	22.0	23.0	24.0	25.0	26.0	27.0	28.0	29.0	30.0	31.0	32.0	33.0	34.0	35.0	36.0	37.0
SRR6444312_2	1.0	2.0	4.0	10.0	37.0	41.0	56.0	62.0	82.0	67.0	85.0	116.0	169.0	281.0	354.0	531.0	672.0	930.0	1144.0	1395.0	1771.0	2422.0	2950.0	1186.0
	19.0	20.0	21.0	22.0	23.0	24.0	25.0	26.0	27.0	28.0	29.0	30.0	31.0	32.0	33.0	34.0	35.0	36.0	37.0	38.0
SRR6444314_1	1.0	3.0	7.0	23.0	30.0	54.0	108.0	124.0	189.0	289.0	388.0	553.0	727.0	1116.0	1439.0	1983.0	2973.0	5410.0	13947.0	456.0
	16.0	17.0	18.0	19.0	20.0	21.0	22.0	23.0	24.0	25.0	26.0	27.0	28.0	29.0	30.0	31.0	32.0	33.0	34.0	35.0	36.0	37.0	38.0
SRR6444314_2	3.0	17.0	46.0	62.0	92.0	125.0	135.0	146.0	183.0	232.0	330.0	484.0	715.0	915.0	1315.0	1796.0	2283.0	2988.0	3939.0	5440.0	6342.0	2231.0	1.0
	19.0	20.0	21.0	22.0	23.0	24.0	25.0	26.0	27.0	28.0	29.0	30.0	31.0	32.0	33.0	34.0	35.0	36.0	37.0	38.0
SRR6444323_1	2.0	6.0	15.0	25.0	47.0	68.0	100.0	148.0	218.0	311.0	496.0	643.0	873.0	1055.0	1481.0	2083.0	2986.0	5559.0	12768.0	580.0
	15.0	16.0	17.0	18.0	19.0	20.0	21.0	22.0	23.0	24.0	25.0	26.0	27.0	28.0	29.0	30.0	31.0	32.0	33.0	34.0	35.0	36.0	37.0	38.0
SRR6444323_2	3.0	14.0	25.0	37.0	57.0	98.0	95.0	132.0	160.0	185.0	280.0	341.0	462.0	664.0	856.0	1210.0	1574.0	2019.0	2721.0	3488.0	4525.0	6051.0	4442.0	25.0
	19.0	20.0	21.0	22.0	23.0	24.0	25.0	26.0	27.0	28.0	29.0	30.0	31.0	32.0	33.0	34.0	35.0	36.0	37.0	38.0
SRR6444332_1	1.0	2.0	2.0	22.0	32.0	52.0	63.0	84.0	110.0	193.0	271.0	404.0	555.0	705.0	1007.0	1426.0	2103.0	3602.0	10278.0	764.0
	15.0	16.0	17.0	18.0	19.0	20.0	21.0	22.0	23.0	24.0	25.0	26.0	27.0	28.0	29.0	30.0	31.0	32.0	33.0	34.0	35.0	36.0	37.0	38.0
SRR6444332_2	1.0	1.0	13.0	41.0	55.0	74.0	87.0	67.0	91.0	112.0	175.0	230.0	356.0	534.0	731.0	963.0	1245.0	1671.0	2070.0	2773.0	3803.0	4470.0	2110.0	3.0
	20.0	21.0	22.0	23.0	24.0	25.0	26.0	27.0	28.0	29.0	30.0	31.0	32.0	33.0	34.0	35.0	36.0	37.0	38.0
SRR6444338_1	4.0	13.0	13.0	23.0	50.0	67.0	127.0	206.0	232.0	388.0	547.0	777.0	1126.0	1477.0	2023.0	2860.0	5075.0	15012.0	518.0
	15.0	16.0	17.0	18.0	19.0	20.0	21.0	22.0	23.0	24.0	25.0	26.0	27.0	28.0	29.0	30.0	31.0	32.0	33.0	34.0	35.0	36.0	37.0	38.0
SRR6444338_2	3.0	8.0	28.0	35.0	74.0	105.0	134.0	166.0	247.0	299.0	274.0	382.0	509.0	771.0	1110.0	1433.0	1962.0	2355.0	3030.0	4062.0	5388.0	6123.0	2039.0	1.0
	18.0	19.0	20.0	21.0	22.0	23.0	24.0	25.0	26.0	27.0	28.0	29.0	30.0	31.0	32.0	33.0	34.0	35.0	36.0	37.0	38.0
SRR6444345_1	1.0	0.0	8.0	11.0	16.0	33.0	50.0	87.0	116.0	169.0	246.0	343.0	528.0	716.0	943.0	1226.0	1773.0	2535.0	4166.0	9527.0	557.0
	16.0	17.0	18.0	19.0	20.0	21.0	22.0	23.0	24.0	25.0	26.0	27.0	28.0	29.0	30.0	31.0	32.0	33.0	34.0	35.0	36.0	37.0	38.0
SRR6444345_2	1.0	9.0	27.0	65.0	73.0	86.0	91.0	98.0	118.0	154.0	184.0	301.0	464.0	681.0	976.0	1367.0	1774.0	2313.0	2992.0	4191.0	4934.0	2151.0	1.0
	20.0	21.0	22.0	23.0	24.0	25.0	26.0	27.0	28.0	29.0	30.0	31.0	32.0	33.0	34.0	35.0	36.0	37.0	38.0
SRR6444349_1	2.0	4.0	8.0	23.0	36.0	71.0	75.0	128.0	185.0	250.0	330.0	483.0	677.0	848.0	1189.0	1712.0	2843.0	6961.0	332.0
	16.0	17.0	18.0	19.0	20.0	21.0	22.0	23.0	24.0	25.0	26.0	27.0	28.0	29.0	30.0	31.0	32.0	33.0	34.0	35.0	36.0	37.0
SRR6444349_2	2.0	13.0	39.0	49.0	66.0	66.0	104.0	125.0	127.0	147.0	202.0	310.0	435.0	600.0	814.0	1032.0	1341.0	1677.0	2326.0	2905.0	2961.0	816.0
	20.0	21.0	22.0	23.0	24.0	25.0	26.0	27.0	28.0	29.0	30.0	31.0	32.0	33.0	34.0	35.0	36.0	37.0	38.0
SRR6444354_1	1.0	5.0	9.0	23.0	44.0	86.0	98.0	165.0	227.0	276.0	443.0	595.0	774.0	992.0	1472.0	2107.0	3667.0	9885.0	446.0
	17.0	18.0	19.0	20.0	21.0	22.0	23.0	24.0	25.0	26.0	27.0	28.0	29.0	30.0	31.0	32.0	33.0	34.0	35.0	36.0	37.0
SRR6444354_2	12.0	34.0	48.0	89.0	105.0	109.0	157.0	153.0	176.0	241.0	335.0	484.0	703.0	924.0	1250.0	1644.0	2167.0	2833.0	3932.0	4393.0	1526.0
	18.0	19.0	20.0	21.0	22.0	23.0	24.0	25.0	26.0	27.0	28.0	29.0	30.0	31.0	32.0	33.0	34.0	35.0	36.0	37.0	38.0
SRR6444362_1	1.0	1.0	2.0	10.0	16.0	20.0	38.0	66.0	96.0	124.0	203.0	259.0	379.0	527.0	709.0	984.0	1276.0	1959.0	3472.0	9273.0	397.0
	15.0	16.0	17.0	18.0	19.0	20.0	21.0	22.0	23.0	24.0	25.0	26.0	27.0	28.0	29.0	30.0	31.0	32.0	33.0	34.0	35.0	36.0	37.0
SRR6444362_2	3.0	5.0	13.0	38.0	50.0	83.0	88.0	97.0	151.0	177.0	176.0	232.0	313.0	469.0	657.0	851.0	1160.0	1489.0	2003.0	2697.0	3666.0	3935.0	1459.0
	20.0	21.0	22.0	23.0	24.0	25.0	26.0	27.0	28.0	29.0	30.0	31.0	32.0	33.0	34.0	35.0	36.0	37.0	38.0
SRR6444365_1	3.0	5.0	8.0	13.0	21.0	56.0	81.0	121.0	174.0	275.0	381.0	546.0	701.0	1034.0	1387.0	1984.0	3603.0	9692.0	1030.0
	15.0	16.0	17.0	18.0	19.0	20.0	21.0	22.0	23.0	24.0	25.0	26.0	27.0	28.0	29.0	30.0	31.0	32.0	33.0	34.0	35.0	36.0	37.0
SRR6444365_2	1.0	3.0	21.0	53.0	86.0	119.0	106.0	152.0	183.0	268.0	380.0	500.0	723.0	966.0	1225.0	1576.0	1735.0	2188.0	2427.0	2988.0	3067.0	2034.0	314.0
	18.0	19.0	20.0	21.0	22.0	23.0	24.0	25.0	26.0	27.0	28.0	29.0	30.0	31.0	32.0	33.0	34.0	35.0	36.0	37.0	38.0
SRR6444370_1	1.0	3.0	5.0	14.0	30.0	42.0	83.0	128.0	169.0	242.0	342.0	502.0	695.0	931.0	1255.0	1821.0	2435.0	3531.0	6490.0	16514.0	846.0
	15.0	16.0	17.0	18.0	19.0	20.0	21.0	22.0	23.0	24.0	25.0	26.0	27.0	28.0	29.0	30.0	31.0	32.0	33.0	34.0	35.0	36.0	37.0	38.0
SRR6444370_2	4.0	10.0	30.0	64.0	92.0	121.0	134.0	155.0	177.0	243.0	372.0	548.0	828.0	1090.0	1394.0	1936.0	2339.0	2892.0	3663.0	4402.0	5378.0	6533.0	3658.0	16.0
	18.0	19.0	20.0	21.0	22.0	23.0	24.0	25.0	26.0	27.0	28.0	29.0	30.0	31.0	32.0	33.0	34.0	35.0	36.0	37.0	38.0
SRR6444371_1	1.0	0.0	5.0	7.0	17.0	36.0	63.0	99.0	124.0	204.0	278.0	393.0	584.0	761.0	1060.0	1419.0	1741.0	2540.0	4255.0	10722.0	574.0
	16.0	17.0	18.0	19.0	20.0	21.0	22.0	23.0	24.0	25.0	26.0	27.0	28.0	29.0	30.0	31.0	32.0	33.0	34.0	35.0	36.0	37.0	38.0
SRR6444371_2	3.0	16.0	28.0	37.0	67.0	66.0	85.0	103.0	129.0	152.0	221.0	327.0	441.0	687.0	925.0	1271.0	1585.0	2085.0	2754.0	3846.0	5359.0	4644.0	52.0
	18.0	19.0	20.0	21.0	22.0	23.0	24.0	25.0	26.0	27.0	28.0	29.0	30.0	31.0	32.0	33.0	34.0	35.0	36.0	37.0	38.0
SRR6444374_1	2.0	2.0	12.0	10.0	16.0	43.0	72.0	113.0	135.0	195.0	333.0	482.0	665.0	936.0	1315.0	1795.0	2479.0	3566.0	6193.0	16714.0	1098.0
	15.0	16.0	17.0	18.0	19.0	20.0	21.0	22.0	23.0	24.0	25.0	26.0	27.0	28.0	29.0	30.0	31.0	32.0	33.0	34.0	35.0	36.0	37.0	38.0
SRR6444374_2	1.0	8.0	27.0	45.0	54.0	94.0	116.0	121.0	142.0	168.0	174.0	257.0	373.0	525.0	815.0	1196.0	1626.0	2162.0	3010.0	4076.0	5606.0	8337.0	7188.0	55.0
	16.0	17.0	18.0	19.0	20.0	21.0	22.0	23.0	24.0	25.0	26.0	27.0	28.0	29.0	30.0	31.0	32.0	33.0	34.0	35.0	36.0	37.0	38.0
SRR6444379_1	1.0	0.0	0.0	3.0	7.0	10.0	33.0	60.0	83.0	149.0	147.0	223.0	425.0	540.0	766.0	926.0	1299.0	1676.0	2334.0	3388.0	6003.0	14902.0	497.0
	14.0	15.0	16.0	17.0	18.0	19.0	20.0	21.0	22.0	23.0	24.0	25.0	26.0	27.0	28.0	29.0	30.0	31.0	32.0	33.0	34.0	35.0	36.0	37.0	38.0
SRR6444379_2	1.0	4.0	13.0	33.0	53.0	79.0	117.0	125.0	145.0	183.0	226.0	284.0	386.0	518.0	730.0	939.0	1372.0	1757.0	2404.0	3020.0	3859.0	5065.0	6887.0	5237.0	35.0
	19.0	20.0	21.0	22.0	23.0	24.0	25.0	26.0	27.0	28.0	29.0	30.0	31.0	32.0	33.0	34.0	35.0	36.0	37.0	38.0
SRR6444381_1	2.0	4.0	9.0	12.0	31.0	44.0	57.0	91.0	107.0	230.0	329.0	414.0	630.0	836.0	1072.0	1486.0	2090.0	3641.0	9186.0	396.0
	14.0	15.0	16.0	17.0	18.0	19.0	20.0	21.0	22.0	23.0	24.0	25.0	26.0	27.0	28.0	29.0	30.0	31.0	32.0	33.0	34.0	35.0	36.0	37.0	38.0
SRR6444381_2	1.0	3.0	10.0	35.0	58.0	84.0	115.0	137.0	196.0	239.0	310.0	371.0	461.0	605.0	799.0	1006.0	1256.0	1452.0	1824.0	2116.0	2697.0	3214.0	2973.0	704.0	1.0
	19.0	20.0	21.0	22.0	23.0	24.0	25.0	26.0	27.0	28.0	29.0	30.0	31.0	32.0	33.0	34.0	35.0	36.0	37.0	38.0
SRR6444384_1	4.0	6.0	10.0	35.0	47.0	86.0	140.0	180.0	281.0	375.0	491.0	708.0	951.0	1296.0	1588.0	2098.0	3017.0	4950.0	13146.0	818.0
	14.0	15.0	16.0	17.0	18.0	19.0	20.0	21.0	22.0	23.0	24.0	25.0	26.0	27.0	28.0	29.0	30.0	31.0	32.0	33.0	34.0	35.0	36.0	37.0	38.0
SRR6444384_2	1.0	0.0	9.0	16.0	44.0	65.0	97.0	117.0	121.0	126.0	141.0	145.0	229.0	339.0	528.0	698.0	963.0	1390.0	1920.0	2449.0	3356.0	4656.0	6949.0	5800.0	68.0
	20.0	21.0	22.0	23.0	24.0	25.0	26.0	27.0	28.0	29.0	30.0	31.0	32.0	33.0	34.0	35.0	36.0	37.0	38.0
SRR6444390_1	4.0	13.0	13.0	41.0	63.0	73.0	125.0	150.0	238.0	316.0	475.0	646.0	874.0	1349.0	2034.0	2839.0	5014.0	15431.0	625.0
	15.0	16.0	17.0	18.0	19.0	20.0	21.0	22.0	23.0	24.0	25.0	26.0	27.0	28.0	29.0	30.0	31.0	32.0	33.0	34.0	35.0	36.0	37.0	38.0
SRR6444390_2	1.0	1.0	17.0	40.0	51.0	82.0	134.0	195.0	363.0	469.0	588.0	464.0	456.0	488.0	632.0	902.0	1253.0	1732.0	2453.0	3144.0	4298.0	6642.0	5877.0	41.0
	19.0	20.0	21.0	22.0	23.0	24.0	25.0	26.0	27.0	28.0	29.0	30.0	31.0	32.0	33.0	34.0	35.0	36.0	37.0	38.0
SRR6444392_1	3.0	3.0	10.0	25.0	43.0	91.0	118.0	159.0	247.0	338.0	485.0	629.0	895.0	1189.0	1629.0	2227.0	3311.0	5849.0	14263.0	592.0
	15.0	16.0	17.0	18.0	19.0	20.0	21.0	22.0	23.0	24.0	25.0	26.0	27.0	28.0	29.0	30.0	31.0	32.0	33.0	34.0	35.0	36.0	37.0	38.0
SRR6444392_2	2.0	6.0	14.0	59.0	84.0	101.0	102.0	138.0	209.0	234.0	292.0	367.0	586.0	761.0	1057.0	1419.0	1855.0	2366.0	3080.0	4178.0	5456.0	6537.0	3196.0	7.0
	17.0	18.0	19.0	20.0	21.0	22.0	23.0	24.0	25.0	26.0	27.0	28.0	29.0	30.0	31.0	32.0	33.0	34.0	35.0	36.0	37.0	38.0
SRR6444395_1	1.0	2.0	1.0	10.0	27.0	47.0	66.0	103.0	189.0	270.0	381.0	511.0	689.0	1038.0	1303.0	1765.0	2264.0	3271.0	4407.0	7343.0	20020.0	815.0
	14.0	15.0	16.0	17.0	18.0	19.0	20.0	21.0	22.0	23.0	24.0	25.0	26.0	27.0	28.0	29.0	30.0	31.0	32.0	33.0	34.0	35.0	36.0	37.0	38.0
SRR6444395_2	1.0	1.0	8.0	20.0	57.0	90.0	122.0	148.0	198.0	253.0	319.0	411.0	400.0	498.0	648.0	925.0	1323.0	1828.0	2626.0	3436.0	4677.0	6868.0	10232.0	9340.0	94.0
	19.0	20.0	21.0	22.0	23.0	24.0	25.0	26.0	27.0	28.0	29.0	30.0	31.0	32.0	33.0	34.0	35.0	36.0	37.0	38.0
SRR6444396_1	1.0	4.0	2.0	12.0	28.0	59.0	69.0	108.0	149.0	205.0	354.0	467.0	661.0	880.0	1167.0	1555.0	2283.0	3994.0	10317.0	396.0
	15.0	16.0	17.0	18.0	19.0	20.0	21.0	22.0	23.0	24.0	25.0	26.0	27.0	28.0	29.0	30.0	31.0	32.0	33.0	34.0	35.0	36.0	37.0
SRR6444396_2	1.0	2.0	18.0	39.0	53.0	84.0	114.0	161.0	210.0	246.0	217.0	252.0	388.0	516.0	725.0	1089.0	1395.0	1757.0	2243.0	2902.0	4001.0	4624.0	1674.0
	19.0	20.0	21.0	22.0	23.0	24.0	25.0	26.0	27.0	28.0	29.0	30.0	31.0	32.0	33.0	34.0	35.0	36.0	37.0	38.0
SRR6444414_1	1.0	3.0	7.0	6.0	12.0	33.0	42.0	50.0	87.0	131.0	196.0	311.0	418.0	564.0	679.0	915.0	1313.0	2234.0	5057.0	225.0
	15.0	16.0	17.0	18.0	19.0	20.0	21.0	22.0	23.0	24.0	25.0	26.0	27.0	28.0	29.0	30.0	31.0	32.0	33.0	34.0	35.0	36.0	37.0
SRR6444414_2	2.0	4.0	15.0	19.0	22.0	42.0	45.0	53.0	49.0	74.0	103.0	137.0	226.0	314.0	439.0	592.0	777.0	979.0	1243.0	1688.0	2150.0	2414.0	897.0
	18.0	19.0	20.0	21.0	22.0	23.0	24.0	25.0	26.0	27.0	28.0	29.0	30.0	31.0	32.0	33.0	34.0	35.0	36.0	37.0	38.0
SRR6444421_1	1.0	0.0	4.0	9.0	19.0	36.0	63.0	80.0	117.0	166.0	242.0	334.0	479.0	679.0	1061.0	1477.0	2132.0	3118.0	5518.0	18903.0	2537.0
	15.0	16.0	17.0	18.0	19.0	20.0	21.0	22.0	23.0	24.0	25.0	26.0	27.0	28.0	29.0	30.0	31.0	32.0	33.0	34.0	35.0	36.0	37.0	38.0
SRR6444421_2	1.0	3.0	26.0	75.0	122.0	147.0	173.0	169.0	191.0	280.0	387.0	536.0	843.0	1144.0	1529.0	1975.0	2457.0	3008.0	3636.0	4669.0	6057.0	6604.0	2939.0	4.0
	19.0	20.0	21.0	22.0	23.0	24.0	25.0	26.0	27.0	28.0	29.0	30.0	31.0	32.0	33.0	34.0	35.0	36.0	37.0	38.0
SRR6444428_1	3.0	4.0	7.0	20.0	41.0	64.0	103.0	148.0	209.0	312.0	436.0	660.0	910.0	1312.0	1895.0	2548.0	3860.0	6623.0	19192.0	1403.0
	16.0	17.0	18.0	19.0	20.0	21.0	22.0	23.0	24.0	25.0	26.0	27.0	28.0	29.0	30.0	31.0	32.0	33.0	34.0	35.0	36.0	37.0	38.0
SRR6444428_2	13.0	21.0	36.0	79.0	125.0	148.0	164.0	194.0	250.0	304.0	320.0	404.0	528.0	757.0	1164.0	1604.0	2217.0	3057.0	4196.0	5907.0	9329.0	8842.0	91.0
	19.0	20.0	21.0	22.0	23.0	24.0	25.0	26.0	27.0	28.0	29.0	30.0	31.0	32.0	33.0	34.0	35.0	36.0	37.0	38.0
SRR6444431_1	2.0	6.0	6.0	11.0	20.0	45.0	66.0	90.0	133.0	205.0	293.0	472.0	656.0	912.0	1195.0	1607.0	2372.0	3857.0	9469.0	570.0
	16.0	17.0	18.0	19.0	20.0	21.0	22.0	23.0	24.0	25.0	26.0	27.0	28.0	29.0	30.0	31.0	32.0	33.0	34.0	35.0	36.0	37.0	38.0
SRR6444431_2	2.0	8.0	31.0	67.0	66.0	108.0	102.0	104.0	124.0	169.0	271.0	436.0	644.0	830.0	1161.0	1432.0	1841.0	2366.0	2987.0	3979.0	4064.0	1194.0	1.0
	19.0	20.0	21.0	22.0	23.0	24.0	25.0	26.0	27.0	28.0	29.0	30.0	31.0	32.0	33.0	34.0	35.0	36.0	37.0	38.0
SRR6444433_1	2.0	5.0	9.0	17.0	27.0	57.0	89.0	111.0	187.0	232.0	361.0	515.0	701.0	932.0	1338.0	2044.0	2965.0	5378.0	14887.0	835.0
	15.0	16.0	17.0	18.0	19.0	20.0	21.0	22.0	23.0	24.0	25.0	26.0	27.0	28.0	29.0	30.0	31.0	32.0	33.0	34.0	35.0	36.0	37.0	38.0
SRR6444433_2	3.0	7.0	14.0	42.0	83.0	79.0	117.0	128.0	142.0	148.0	199.0	227.0	346.0	468.0	724.0	1100.0	1428.0	1845.0	2649.0	3548.0	5090.0	7200.0	5069.0	36.0
	19.0	20.0	21.0	22.0	23.0	24.0	25.0	26.0	27.0	28.0	29.0	30.0	31.0	32.0	33.0	34.0	35.0	36.0	37.0	38.0
SRR6444443_1	2.0	8.0	9.0	10.0	30.0	54.0	84.0	112.0	178.0	263.0	383.0	545.0	723.0	1066.0	1381.0	1911.0	2725.0	4346.0	11191.0	706.0
	15.0	16.0	17.0	18.0	19.0	20.0	21.0	22.0	23.0	24.0	25.0	26.0	27.0	28.0	29.0	30.0	31.0	32.0	33.0	34.0	35.0	36.0	37.0
SRR6444443_2	1.0	3.0	16.0	30.0	65.0	98.0	86.0	113.0	126.0	156.0	216.0	314.0	482.0	651.0	899.0	1313.0	1629.0	2020.0	2569.0	3400.0	4436.0	5159.0	1945.0
	19.0	20.0	21.0	22.0	23.0	24.0	25.0	26.0	27.0	28.0	29.0	30.0	31.0	32.0	33.0	34.0	35.0	36.0	37.0	38.0
SRR6444447_1	2.0	0.0	6.0	14.0	36.0	63.0	100.0	126.0	196.0	262.0	355.0	460.0	667.0	1006.0	1266.0	1790.0	2616.0	4412.0	11040.0	174.0
	14.0	15.0	16.0	17.0	18.0	19.0	20.0	21.0	22.0	23.0	24.0	25.0	26.0	27.0	28.0	29.0	30.0	31.0	32.0	33.0	34.0	35.0	36.0	37.0	38.0
SRR6444447_2	1.0	2.0	7.0	31.0	55.0	78.0	118.0	189.0	232.0	393.0	422.0	449.0	446.0	592.0	816.0	1006.0	1298.0	1726.0	2113.0	2576.0	3266.0	3937.0	3720.0	1117.0	1.0
	16.0	17.0	18.0	19.0	20.0	21.0	22.0	23.0	24.0	25.0	26.0	27.0	28.0	29.0	30.0	31.0	32.0	33.0	34.0	35.0	36.0	37.0	38.0
SRR6444449_1	1.0	0.0	0.0	1.0	4.0	11.0	17.0	34.0	56.0	93.0	143.0	183.0	262.0	372.0	527.0	757.0	915.0	1295.0	1732.0	2442.0	3995.0	9911.0	234.0
	15.0	16.0	17.0	18.0	19.0	20.0	21.0	22.0	23.0	24.0	25.0	26.0	27.0	28.0	29.0	30.0	31.0	32.0	33.0	34.0	35.0	36.0	37.0
SRR6444449_2	4.0	2.0	22.0	42.0	64.0	86.0	107.0	118.0	146.0	191.0	261.0	334.0	490.0	686.0	933.0	1201.0	1628.0	1935.0	2343.0	3030.0	3720.0	4204.0	1438.0
	17.0	18.0	19.0	20.0	21.0	22.0	23.0	24.0	25.0	26.0	27.0	28.0	29.0	30.0	31.0	32.0	33.0	34.0	35.0	36.0	37.0	38.0
SRR6444460_1	1.0	0.0	4.0	7.0	15.0	25.0	36.0	48.0	81.0	100.0	145.0	217.0	275.0	371.0	496.0	636.0	766.0	1177.0	1669.0	3554.0	5366.0	58.0
	15.0	16.0	17.0	18.0	19.0	20.0	21.0	22.0	23.0	24.0	25.0	26.0	27.0	28.0	29.0	30.0	31.0	32.0	33.0	34.0	35.0	36.0	37.0	38.0
SRR6444460_2	2.0	5.0	18.0	41.0	56.0	60.0	70.0	83.0	99.0	133.0	218.0	326.0	540.0	735.0	935.0	1119.0	1393.0	1678.0	2026.0	2362.0	1901.0	1028.0	218.0	1.0
	19.0	20.0	21.0	22.0	23.0	24.0	25.0	26.0	27.0	28.0	29.0	30.0	31.0	32.0	33.0	34.0	35.0	36.0	37.0	38.0
SRR6444461_1	1.0	3.0	10.0	12.0	18.0	45.0	80.0	86.0	133.0	181.0	236.0	344.0	490.0	742.0	1035.0	1392.0	2052.0	3504.0	9309.0	534.0
	15.0	16.0	17.0	18.0	19.0	20.0	21.0	22.0	23.0	24.0	25.0	26.0	27.0	28.0	29.0	30.0	31.0	32.0	33.0	34.0	35.0	36.0	37.0
SRR6444461_2	2.0	3.0	24.0	41.0	63.0	102.0	112.0	193.0	322.0	399.0	318.0	259.0	332.0	413.0	583.0	857.0	1074.0	1453.0	1892.0	2535.0	3404.0	4071.0	1755.0
	17.0	18.0	19.0	20.0	21.0	22.0	23.0	24.0	25.0	26.0	27.0	28.0	29.0	30.0	31.0	32.0	33.0	34.0	35.0	36.0	37.0	38.0
SRR6444464_1	1.0	1.0	2.0	14.0	19.0	27.0	55.0	104.0	134.0	232.0	282.0	394.0	524.0	742.0	991.0	1284.0	1613.0	2151.0	2827.0	4955.0	11548.0	362.0
	15.0	16.0	17.0	18.0	19.0	20.0	21.0	22.0	23.0	24.0	25.0	26.0	27.0	28.0	29.0	30.0	31.0	32.0	33.0	34.0	35.0	36.0	37.0	38.0
SRR6444464_2	3.0	8.0	7.0	40.0	44.0	84.0	93.0	99.0	127.0	127.0	123.0	224.0	338.0	536.0	659.0	979.0	1359.0	1782.0	2463.0	3236.0	4535.0	6539.0	4819.0	38.0
	20.0	21.0	22.0	23.0	24.0	25.0	26.0	27.0	28.0	29.0	30.0	31.0	32.0	33.0	34.0	35.0	36.0	37.0	38.0
SRR6444479_1	1.0	4.0	7.0	20.0	37.0	40.0	69.0	85.0	149.0	222.0	295.0	368.0	482.0	677.0	877.0	1265.0	2017.0	5190.0	259.0
	16.0	17.0	18.0	19.0	20.0	21.0	22.0	23.0	24.0	25.0	26.0	27.0	28.0	29.0	30.0	31.0	32.0	33.0	34.0	35.0	36.0	37.0
SRR6444479_2	1.0	13.0	17.0	42.0	52.0	58.0	52.0	71.0	92.0	147.0	212.0	305.0	417.0	597.0	710.0	915.0	1036.0	1192.0	1557.0	2005.0	1992.0	581.0
	20.0	21.0	22.0	23.0	24.0	25.0	26.0	27.0	28.0	29.0	30.0	31.0	32.0	33.0	34.0	35.0	36.0	37.0	38.0
SRR6444482_1	2.0	4.0	12.0	39.0	62.0	107.0	141.0	187.0	260.0	411.0	590.0	729.0	1046.0	1409.0	1896.0	2623.0	4494.0	11120.0	538.0
	15.0	16.0	17.0	18.0	19.0	20.0	21.0	22.0	23.0	24.0	25.0	26.0	27.0	28.0	29.0	30.0	31.0	32.0	33.0	34.0	35.0	36.0	37.0
SRR6444482_2	2.0	7.0	18.0	41.0	67.0	104.0	138.0	209.0	372.0	418.0	385.0	363.0	468.0	647.0	857.0	1235.0	1542.0	2012.0	2531.0	3197.0	4328.0	4871.0	1858.0
	18.0	19.0	20.0	21.0	22.0	23.0	24.0	25.0	26.0	27.0	28.0	29.0	30.0	31.0	32.0	33.0	34.0	35.0	36.0	37.0	38.0
SRR6444503_1	2.0	4.0	7.0	15.0	14.0	36.0	65.0	83.0	135.0	196.0	275.0	385.0	563.0	797.0	1062.0	1379.0	1935.0	2793.0	4750.0	12901.0	700.0
	15.0	16.0	17.0	18.0	19.0	20.0	21.0	22.0	23.0	24.0	25.0	26.0	27.0	28.0	29.0	30.0	31.0	32.0	33.0	34.0	35.0	36.0	37.0	38.0
SRR6444503_2	2.0	10.0	32.0	50.0	82.0	102.0	129.0	182.0	257.0	395.0	435.0	450.0	447.0	544.0	780.0	1012.0	1371.0	1787.0	2340.0	3036.0	4230.0	5860.0	4525.0	39.0
	18.0	19.0	20.0	21.0	22.0	23.0	24.0	25.0	26.0	27.0	28.0	29.0	30.0	31.0	32.0	33.0	34.0	35.0	36.0	37.0	38.0
SRR6444511_1	1.0	3.0	11.0	16.0	24.0	51.0	92.0	127.0	167.0	263.0	349.0	502.0	692.0	912.0	1236.0	1594.0	2252.0	3423.0	6005.0	13052.0	534.0
	15.0	16.0	17.0	18.0	19.0	20.0	21.0	22.0	23.0	24.0	25.0	26.0	27.0	28.0	29.0	30.0	31.0	32.0	33.0	34.0	35.0	36.0	37.0	38.0
SRR6444511_2	1.0	6.0	29.0	59.0	76.0	104.0	113.0	142.0	157.0	157.0	237.0	310.0	461.0	609.0	889.0	1159.0	1658.0	2050.0	2867.0	3500.0	4875.0	6754.0	5059.0	34.0
	19.0	20.0	21.0	22.0	23.0	24.0	25.0	26.0	27.0	28.0	29.0	30.0	31.0	32.0	33.0	34.0	35.0	36.0	37.0	38.0
SRR6444522_1	4.0	3.0	10.0	19.0	48.0	69.0	111.0	144.0	199.0	272.0	358.0	502.0	713.0	1026.0	1352.0	1863.0	2608.0	4821.0	13261.0	779.0
	15.0	16.0	17.0	18.0	19.0	20.0	21.0	22.0	23.0	24.0	25.0	26.0	27.0	28.0	29.0	30.0	31.0	32.0	33.0	34.0	35.0	36.0	37.0	38.0
SRR6444522_2	1.0	9.0	43.0	70.0	118.0	134.0	126.0	141.0	183.0	178.0	244.0	322.0	476.0	696.0	928.0	1252.0	1603.0	2075.0	2698.0	3523.0	4974.0	5959.0	2405.0	4.0
	20.0	21.0	22.0	23.0	24.0	25.0	26.0	27.0	28.0	29.0	30.0	31.0	32.0	33.0	34.0	35.0	36.0	37.0	38.0
SRR6444523_1	4.0	10.0	19.0	40.0	90.0	106.0	197.0	265.0	413.0	508.0	684.0	969.0	1266.0	1631.0	2122.0	3036.0	5433.0	13616.0	562.0
	14.0	15.0	16.0	17.0	18.0	19.0	20.0	21.0	22.0	23.0	24.0	25.0	26.0	27.0	28.0	29.0	30.0	31.0	32.0	33.0	34.0	35.0	36.0	37.0	38.0
SRR6444523_2	1.0	1.0	9.0	19.0	32.0	88.0	133.0	146.0	184.0	254.0	316.0	321.0	401.0	574.0	714.0	1072.0	1446.0	1941.0	2387.0	3149.0	4149.0	5507.0	6113.0	2013.0	1.0
	17.0	18.0	19.0	20.0	21.0	22.0	23.0	24.0	25.0	26.0	27.0	28.0	29.0	30.0	31.0	32.0	33.0	34.0	35.0	36.0	37.0	38.0
SRR6444527_1	1.0	1.0	0.0	2.0	11.0	16.0	28.0	63.0	70.0	99.0	143.0	187.0	263.0	379.0	541.0	820.0	1182.0	1677.0	2568.0	4538.0	11651.0	256.0
	15.0	16.0	17.0	18.0	19.0	20.0	21.0	22.0	23.0	24.0	25.0	26.0	27.0	28.0	29.0	30.0	31.0	32.0	33.0	34.0	35.0	36.0	37.0
SRR6444527_2	2.0	6.0	18.0	34.0	68.0	116.0	118.0	160.0	240.0	282.0	258.0	318.0	415.0	626.0	822.0	1187.0	1510.0	2015.0	2551.0	3324.0	4350.0	4523.0	1553.0
	18.0	19.0	20.0	21.0	22.0	23.0	24.0	25.0	26.0	27.0	28.0	29.0	30.0	31.0	32.0	33.0	34.0	35.0	36.0	37.0	38.0
SRR6444528_1	1.0	2.0	3.0	5.0	19.0	20.0	28.0	54.0	72.0	120.0	172.0	207.0	324.0	538.0	744.0	1010.0	1420.0	2010.0	3520.0	10447.0	718.0
	15.0	16.0	17.0	18.0	19.0	20.0	21.0	22.0	23.0	24.0	25.0	26.0	27.0	28.0	29.0	30.0	31.0	32.0	33.0	34.0	35.0	36.0	37.0	38.0
SRR6444528_2	1.0	2.0	17.0	17.0	27.0	42.0	61.0	85.0	101.0	139.0	142.0	158.0	194.0	258.0	383.0	611.0	818.0	1132.0	1530.0	2213.0	3089.0	4956.0	5391.0	67.0
	20.0	21.0	22.0	23.0	24.0	25.0	26.0	27.0	28.0	29.0	30.0	31.0	32.0	33.0	34.0	35.0	36.0	37.0	38.0
SRR6444530_1	2.0	5.0	17.0	29.0	49.0	63.0	103.0	130.0	217.0	295.0	412.0	565.0	743.0	1067.0	1382.0	2118.0	3888.0	9328.0	457.0
	15.0	16.0	17.0	18.0	19.0	20.0	21.0	22.0	23.0	24.0	25.0	26.0	27.0	28.0	29.0	30.0	31.0	32.0	33.0	34.0	35.0	36.0	37.0
SRR6444530_2	3.0	7.0	26.0	38.0	65.0	85.0	107.0	122.0	149.0	194.0	265.0	349.0	547.0	758.0	915.0	1197.0	1558.0	1877.0	2297.0	2836.0	3481.0	3153.0	841.0
	18.0	19.0	20.0	21.0	22.0	23.0	24.0	25.0	26.0	27.0	28.0	29.0	30.0	31.0	32.0	33.0	34.0	35.0	36.0	37.0	38.0
SRR6444531_1	1.0	3.0	3.0	12.0	28.0	52.0	73.0	104.0	175.0	232.0	310.0	450.0	564.0	818.0	1114.0	1522.0	2180.0	3197.0	5521.0	16846.0	1195.0
	14.0	15.0	16.0	17.0	18.0	19.0	20.0	21.0	22.0	23.0	24.0	25.0	26.0	27.0	28.0	29.0	30.0	31.0	32.0	33.0	34.0	35.0	36.0	37.0	38.0
SRR6444531_2	1.0	2.0	6.0	18.0	46.0	75.0	87.0	132.0	130.0	174.0	204.0	264.0	277.0	380.0	510.0	710.0	1045.0	1442.0	1918.0	2525.0	3487.0	5157.0	8098.0	7647.0	65.0
	20.0	21.0	22.0	23.0	24.0	25.0	26.0	27.0	28.0	29.0	30.0	31.0	32.0	33.0	34.0	35.0	36.0	37.0	38.0
SRR6444533_1	3.0	5.0	16.0	33.0	53.0	91.0	114.0	164.0	243.0	355.0	476.0	646.0	836.0	1103.0	1469.0	2073.0	3344.0	8219.0	371.0
	15.0	16.0	17.0	18.0	19.0	20.0	21.0	22.0	23.0	24.0	25.0	26.0	27.0	28.0	29.0	30.0	31.0	32.0	33.0	34.0	35.0	36.0	37.0	38.0
SRR6444533_2	1.0	4.0	13.0	27.0	56.0	78.0	95.0	112.0	112.0	182.0	190.0	236.0	343.0	508.0	718.0	946.0	1207.0	1629.0	1989.0	2604.0	3361.0	3779.0	1420.0	4.0
	21.0	22.0	23.0	24.0	25.0	26.0	27.0	28.0	29.0	30.0	31.0	32.0	33.0	34.0	35.0	36.0	37.0	38.0
SRR6444535_1	3.0	14.0	18.0	34.0	46.0	73.0	115.0	183.0	276.0	387.0	571.0	733.0	1040.0	1385.0	2090.0	3315.0	8353.0	403.0
	15.0	16.0	17.0	18.0	19.0	20.0	21.0	22.0	23.0	24.0	25.0	26.0	27.0	28.0	29.0	30.0	31.0	32.0	33.0	34.0	35.0	36.0	37.0
SRR6444535_2	1.0	3.0	11.0	41.0	59.0	77.0	70.0	83.0	108.0	148.0	209.0	360.0	505.0	687.0	861.0	1091.0	1332.0	1631.0	2030.0	2591.0	3172.0	3122.0	847.0
	20.0	21.0	22.0	23.0	24.0	25.0	26.0	27.0	28.0	29.0	30.0	31.0	32.0	33.0	34.0	35.0	36.0	37.0	38.0
SRR6444536_1	6.0	12.0	17.0	35.0	60.0	82.0	130.0	183.0	295.0	404.0	541.0	762.0	1028.0	1334.0	1743.0	2502.0	4192.0	10117.0	488.0
	14.0	15.0	16.0	17.0	18.0	19.0	20.0	21.0	22.0	23.0	24.0	25.0	26.0	27.0	28.0	29.0	30.0	31.0	32.0	33.0	34.0	35.0	36.0	37.0	38.0
SRR6444536_2	1.0	0.0	5.0	13.0	37.0	48.0	88.0	95.0	100.0	104.0	111.0	144.0	237.0	324.0	526.0	770.0	1032.0	1340.0	1752.0	2295.0	3087.0	4344.0	5169.0	2307.0	2.0
	20.0	21.0	22.0	23.0	24.0	25.0	26.0	27.0	28.0	29.0	30.0	31.0	32.0	33.0	34.0	35.0	36.0	37.0	38.0
SRR6444545_1	3.0	4.0	6.0	7.0	20.0	35.0	39.0	48.0	95.0	117.0	184.0	258.0	367.0	520.0	705.0	1078.0	1869.0	6316.0	433.0
	15.0	16.0	17.0	18.0	19.0	20.0	21.0	22.0	23.0	24.0	25.0	26.0	27.0	28.0	29.0	30.0	31.0	32.0	33.0	34.0	35.0	36.0	37.0
SRR6444545_2	2.0	1.0	7.0	22.0	39.0	51.0	51.0	58.0	55.0	82.0	114.0	167.0	269.0	358.0	492.0	660.0	844.0	963.0	1294.0	1717.0	2193.0	2105.0	560.0
	30.0
SRR6444549_1	18941.0
	30.0
SRR6444549_2	18941.0
	17.0	18.0	19.0	20.0	21.0	22.0	23.0	24.0	25.0	26.0	27.0	28.0	29.0	30.0	31.0	32.0	33.0	34.0	35.0	36.0	37.0	38.0
SRR6444550_1	1.0	1.0	7.0	8.0	14.0	25.0	58.0	74.0	135.0	177.0	223.0	388.0	488.0	718.0	1004.0	1303.0	1674.0	2166.0	3081.0	5370.0	14756.0	1013.0
	15.0	16.0	17.0	18.0	19.0	20.0	21.0	22.0	23.0	24.0	25.0	26.0	27.0	28.0	29.0	30.0	31.0	32.0	33.0	34.0	35.0	36.0	37.0	38.0
SRR6444550_2	1.0	5.0	16.0	51.0	81.0	108.0	101.0	139.0	121.0	144.0	194.0	228.0	372.0	559.0	693.0	1062.0	1515.0	2045.0	2537.0	3252.0	4584.0	7469.0	7314.0	93.0
	20.0	21.0	22.0	23.0	24.0	25.0	26.0	27.0	28.0	29.0	30.0	31.0	32.0	33.0	34.0	35.0	36.0	37.0	38.0
SRR6444551_1	3.0	11.0	19.0	28.0	63.0	89.0	121.0	221.0	268.0	411.0	562.0	803.0	1008.0	1449.0	1871.0	2876.0	5279.0	12783.0	703.0
	16.0	17.0	18.0	19.0	20.0	21.0	22.0	23.0	24.0	25.0	26.0	27.0	28.0	29.0	30.0	31.0	32.0	33.0	34.0	35.0	36.0	37.0	38.0
SRR6444551_2	2.0	21.0	37.0	72.0	107.0	113.0	111.0	142.0	171.0	262.0	325.0	508.0	764.0	1031.0	1430.0	1716.0	2236.0	2987.0	3958.0	5077.0	5651.0	1846.0	1.0
	20.0	21.0	22.0	23.0	24.0	25.0	26.0	27.0	28.0	29.0	30.0	31.0	32.0	33.0	34.0	35.0	36.0	37.0	38.0
SRR6444556_1	1.0	0.0	13.0	38.0	41.0	51.0	54.0	103.0	110.0	199.0	242.0	345.0	451.0	639.0	833.0	1204.0	2168.0	6257.0	225.0
	15.0	16.0	17.0	18.0	19.0	20.0	21.0	22.0	23.0	24.0	25.0	26.0	27.0	28.0	29.0	30.0	31.0	32.0	33.0	34.0	35.0	36.0	37.0	38.0
SRR6444556_2	1.0	0.0	7.0	14.0	33.0	41.0	45.0	58.0	67.0	73.0	111.0	155.0	241.0	362.0	485.0	711.0	718.0	959.0	1191.0	1627.0	2273.0	2705.0	1096.0	1.0
	19.0	20.0	21.0	22.0	23.0	24.0	25.0	26.0	27.0	28.0	29.0	30.0	31.0	32.0	33.0	34.0	35.0	36.0	37.0	38.0
SRR6444566_1	2.0	6.0	16.0	18.0	28.0	59.0	72.0	125.0	169.0	225.0	258.0	386.0	562.0	808.0	1060.0	1520.0	2331.0	4339.0	12718.0	371.0
	16.0	17.0	18.0	19.0	20.0	21.0	22.0	23.0	24.0	25.0	26.0	27.0	28.0	29.0	30.0	31.0	32.0	33.0	34.0	35.0	36.0	37.0	38.0
SRR6444566_2	3.0	11.0	30.0	50.0	66.0	76.0	75.0	106.0	89.0	165.0	227.0	302.0	469.0	675.0	941.0	1237.0	1649.0	2114.0	2739.0	3859.0	5890.0	4288.0	12.0
	20.0	21.0	22.0	23.0	24.0	25.0	26.0	27.0	28.0	29.0	30.0	31.0	32.0	33.0	34.0	35.0	36.0	37.0	38.0
SRR6444568_1	1.0	6.0	19.0	24.0	44.0	75.0	86.0	119.0	182.0	257.0	401.0	535.0	750.0	1013.0	1417.0	2107.0	3773.0	9999.0	291.0
	15.0	16.0	17.0	18.0	19.0	20.0	21.0	22.0	23.0	24.0	25.0	26.0	27.0	28.0	29.0	30.0	31.0	32.0	33.0	34.0	35.0	36.0	37.0	38.0
SRR6444568_2	1.0	3.0	12.0	34.0	56.0	70.0	112.0	148.0	259.0	255.0	216.0	239.0	276.0	429.0	598.0	883.0	1128.0	1505.0	2077.0	2770.0	3900.0	4459.0	1667.0	2.0
	20.0	21.0	22.0	23.0	24.0	25.0	26.0	27.0	28.0	29.0	30.0	31.0	32.0	33.0	34.0	35.0	36.0	37.0	38.0
SRR6444572_1	4.0	5.0	6.0	30.0	50.0	92.0	125.0	171.0	269.0	415.0	573.0	840.0	1144.0	1592.0	2176.0	3182.0	5319.0	14815.0	1101.0
	14.0	15.0	16.0	17.0	18.0	19.0	20.0	21.0	22.0	23.0	24.0	25.0	26.0	27.0	28.0	29.0	30.0	31.0	32.0	33.0	34.0	35.0	36.0	37.0	38.0
SRR6444572_2	1.0	0.0	5.0	24.0	41.0	74.0	85.0	104.0	126.0	186.0	204.0	234.0	278.0	398.0	570.0	758.0	1108.0	1488.0	2053.0	2744.0	3530.0	4919.0	7114.0	5807.0	58.0
	17.0	18.0	19.0	20.0	21.0	22.0	23.0	24.0	25.0	26.0	27.0	28.0	29.0	30.0	31.0	32.0	33.0	34.0	35.0	36.0	37.0	38.0
SRR6444581_1	1.0	0.0	4.0	3.0	7.0	20.0	49.0	71.0	107.0	140.0	203.0	276.0	394.0	583.0	767.0	1010.0	1286.0	1790.0	2394.0	3834.0	8649.0	500.0
	15.0	16.0	17.0	18.0	19.0	20.0	21.0	22.0	23.0	24.0	25.0	26.0	27.0	28.0	29.0	30.0	31.0	32.0	33.0	34.0	35.0	36.0	37.0	38.0
SRR6444581_2	2.0	0.0	14.0	33.0	72.0	82.0	87.0	107.0	115.0	159.0	222.0	324.0	449.0	667.0	913.0	1284.0	1528.0	1780.0	2329.0	2886.0	3843.0	4013.0	1176.0	3.0
	19.0	20.0	21.0	22.0	23.0	24.0	25.0	26.0	27.0	28.0	29.0	30.0	31.0	32.0	33.0	34.0	35.0	36.0	37.0	38.0
SRR6444596_1	1.0	1.0	6.0	3.0	12.0	16.0	29.0	31.0	53.0	75.0	102.0	172.0	226.0	354.0	499.0	721.0	1091.0	2019.0	5477.0	179.0
	15.0	16.0	17.0	18.0	19.0	20.0	21.0	22.0	23.0	24.0	25.0	26.0	27.0	28.0	29.0	30.0	31.0	32.0	33.0	34.0	35.0	36.0	37.0
SRR6444596_2	1.0	0.0	11.0	23.0	30.0	42.0	53.0	61.0	56.0	86.0	121.0	151.0	228.0	328.0	455.0	590.0	765.0	893.0	1189.0	1495.0	1925.0	2029.0	535.0
	19.0	20.0	21.0	22.0	23.0	24.0	25.0	26.0	27.0	28.0	29.0	30.0	31.0	32.0	33.0	34.0	35.0	36.0	37.0	38.0
SRR6444603_1	3.0	3.0	6.0	9.0	31.0	62.0	80.0	107.0	154.0	198.0	285.0	388.0	554.0	717.0	967.0	1278.0	1785.0	3182.0	7712.0	286.0
	15.0	16.0	17.0	18.0	19.0	20.0	21.0	22.0	23.0	24.0	25.0	26.0	27.0	28.0	29.0	30.0	31.0	32.0	33.0	34.0	35.0	36.0	37.0
SRR6444603_2	3.0	12.0	27.0	48.0	54.0	85.0	82.0	82.0	125.0	149.0	206.0	311.0	451.0	540.0	777.0	1015.0	1254.0	1542.0	1914.0	2352.0	2978.0	2980.0	820.0
	18.0	19.0	20.0	21.0	22.0	23.0	24.0	25.0	26.0	27.0	28.0	29.0	30.0	31.0	32.0	33.0	34.0	35.0	36.0	37.0	38.0
SRR6444635_1	1.0	1.0	5.0	8.0	9.0	22.0	45.0	67.0	90.0	114.0	161.0	223.0	315.0	479.0	762.0	1101.0	1470.0	2231.0	4037.0	10923.0	273.0
	15.0	16.0	17.0	18.0	19.0	20.0	21.0	22.0	23.0	24.0	25.0	26.0	27.0	28.0	29.0	30.0	31.0	32.0	33.0	34.0	35.0	36.0	37.0
SRR6444635_2	1.0	7.0	18.0	37.0	52.0	79.0	86.0	101.0	120.0	136.0	201.0	298.0	411.0	630.0	880.0	1121.0	1482.0	1774.0	2238.0	2875.0	3865.0	4467.0	1458.0
	18.0	19.0	20.0	21.0	22.0	23.0	24.0	25.0	26.0	27.0	28.0	29.0	30.0	31.0	32.0	33.0	34.0	35.0	36.0	37.0	38.0
SRR6444637_1	2.0	1.0	4.0	7.0	18.0	35.0	59.0	97.0	141.0	192.0	289.0	374.0	578.0	797.0	1022.0	1409.0	1785.0	2682.0	4488.0	10493.0	807.0
	15.0	16.0	17.0	18.0	19.0	20.0	21.0	22.0	23.0	24.0	25.0	26.0	27.0	28.0	29.0	30.0	31.0	32.0	33.0	34.0	35.0	36.0	37.0	38.0
SRR6444637_2	3.0	14.0	34.0	50.0	67.0	119.0	99.0	146.0	173.0	211.0	347.0	442.0	658.0	948.0	1232.0	1511.0	1937.0	2260.0	2634.0	3192.0	3820.0	3884.0	1495.0	4.0
	20.0	21.0	22.0	23.0	24.0	25.0	26.0	27.0	28.0	29.0	30.0	31.0	32.0	33.0	34.0	35.0	36.0	37.0	38.0
SRR6444656_1	4.0	4.0	13.0	22.0	48.0	44.0	78.0	103.0	159.0	225.0	278.0	447.0	624.0	827.0	1114.0	1694.0	2986.0	9705.0	730.0
	15.0	16.0	17.0	18.0	19.0	20.0	21.0	22.0	23.0	24.0	25.0	26.0	27.0	28.0	29.0	30.0	31.0	32.0	33.0	34.0	35.0	36.0	37.0	38.0
SRR6444656_2	1.0	1.0	16.0	18.0	46.0	58.0	87.0	85.0	74.0	115.0	175.0	198.0	287.0	411.0	596.0	818.0	1109.0	1484.0	1905.0	2508.0	3492.0	4073.0	1547.0	1.0
	20.0	21.0	22.0	23.0	24.0	25.0	26.0	27.0	28.0	29.0	30.0	31.0	32.0	33.0	34.0	35.0	36.0	37.0	38.0
SRR6444657_1	3.0	4.0	6.0	8.0	13.0	21.0	29.0	51.0	84.0	119.0	217.0	301.0	466.0	703.0	1056.0	1515.0	2890.0	9265.0	69.0
	15.0	16.0	17.0	18.0	19.0	20.0	21.0	22.0	23.0	24.0	25.0	26.0	27.0	28.0	29.0	30.0	31.0	32.0	33.0	34.0	35.0	36.0	37.0
SRR6444657_2	1.0	7.0	35.0	71.0	93.0	106.0	101.0	143.0	171.0	274.0	382.0	518.0	723.0	898.0	1034.0	1298.0	1363.0	1566.0	1890.0	2388.0	2334.0	1308.0	116.0
	18.0	19.0	20.0	21.0	22.0	23.0	24.0	25.0	26.0	27.0	28.0	29.0	30.0	31.0	32.0	33.0	34.0	35.0	36.0	37.0	38.0
SRR6444667_1	1.0	1.0	4.0	11.0	12.0	20.0	47.0	78.0	102.0	142.0	166.0	256.0	389.0	541.0	726.0	951.0	1328.0	1943.0	3380.0	8860.0	386.0
	15.0	16.0	17.0	18.0	19.0	20.0	21.0	22.0	23.0	24.0	25.0	26.0	27.0	28.0	29.0	30.0	31.0	32.0	33.0	34.0	35.0	36.0	37.0
SRR6444667_2	2.0	4.0	17.0	44.0	80.0	88.0	105.0	176.0	206.0	231.0	266.0	357.0	502.0	667.0	805.0	1061.0	1402.0	1651.0	2090.0	2609.0	3367.0	2893.0	721.0
	18.0	19.0	20.0	21.0	22.0	23.0	24.0	25.0	26.0	27.0	28.0	29.0	30.0	31.0	32.0	33.0	34.0	35.0	36.0	37.0	38.0
SRR6444669_1	1.0	0.0	3.0	4.0	7.0	17.0	22.0	51.0	51.0	82.0	133.0	183.0	263.0	352.0	466.0	669.0	868.0	1213.0	2180.0	5837.0	387.0
	15.0	16.0	17.0	18.0	19.0	20.0	21.0	22.0	23.0	24.0	25.0	26.0	27.0	28.0	29.0	30.0	31.0	32.0	33.0	34.0	35.0	36.0	37.0	38.0
SRR6444669_2	1.0	3.0	6.0	18.0	29.0	43.0	46.0	59.0	49.0	68.0	86.0	137.0	177.0	271.0	409.0	517.0	729.0	972.0	1174.0	1648.0	2324.0	2795.0	1224.0	4.0
	19.0	20.0	21.0	22.0	23.0	24.0	25.0	26.0	27.0	28.0	29.0	30.0	31.0	32.0	33.0	34.0	35.0	36.0	37.0	38.0
SRR6444670_1	1.0	3.0	11.0	20.0	29.0	43.0	71.0	106.0	155.0	202.0	316.0	468.0	713.0	940.0	1398.0	1960.0	3030.0	5414.0	16007.0	703.0
	15.0	16.0	17.0	18.0	19.0	20.0	21.0	22.0	23.0	24.0	25.0	26.0	27.0	28.0	29.0	30.0	31.0	32.0	33.0	34.0	35.0	36.0	37.0	38.0
SRR6444670_2	5.0	8.0	12.0	40.0	66.0	80.0	105.0	110.0	148.0	138.0	153.0	218.0	349.0	465.0	687.0	1034.0	1452.0	1853.0	2582.0	3633.0	5147.0	7621.0	5644.0	40.0
	20.0	21.0	22.0	23.0	24.0	25.0	26.0	27.0	28.0	29.0	30.0	31.0	32.0	33.0	34.0	35.0	36.0	37.0	38.0
SRR6444675_1	2.0	4.0	6.0	9.0	24.0	29.0	57.0	75.0	105.0	146.0	245.0	352.0	488.0	750.0	1009.0	1480.0	2486.0	7496.0	641.0
	17.0	18.0	19.0	20.0	21.0	22.0	23.0	24.0	25.0	26.0	27.0	28.0	29.0	30.0	31.0	32.0	33.0	34.0	35.0	36.0	37.0	38.0
SRR6444675_2	6.0	20.0	33.0	36.0	53.0	52.0	62.0	51.0	75.0	83.0	130.0	177.0	255.0	390.0	597.0	812.0	1134.0	1566.0	2315.0	3699.0	3807.0	51.0
	19.0	20.0	21.0	22.0	23.0	24.0	25.0	26.0	27.0	28.0	29.0	30.0	31.0	32.0	33.0	34.0	35.0	36.0	37.0	38.0
SRR6444678_1	1.0	1.0	9.0	17.0	32.0	60.0	88.0	153.0	202.0	278.0	384.0	578.0	784.0	992.0	1360.0	1931.0	2644.0	4414.0	10499.0	458.0
	15.0	16.0	17.0	18.0	19.0	20.0	21.0	22.0	23.0	24.0	25.0	26.0	27.0	28.0	29.0	30.0	31.0	32.0	33.0	34.0	35.0	36.0	37.0	38.0
SRR6444678_2	1.0	6.0	19.0	25.0	58.0	95.0	135.0	188.0	349.0	404.0	360.0	364.0	406.0	620.0	764.0	1162.0	1525.0	1896.0	2294.0	2875.0	3912.0	4906.0	2519.0	2.0
	20.0	21.0	22.0	23.0	24.0	25.0	26.0	27.0	28.0	29.0	30.0	31.0	32.0	33.0	34.0	35.0	36.0	37.0	38.0
SRR6444679_1	3.0	7.0	13.0	29.0	33.0	75.0	95.0	106.0	202.0	274.0	365.0	564.0	727.0	1010.0	1500.0	2345.0	3680.0	11143.0	196.0
	15.0	16.0	17.0	18.0	19.0	20.0	21.0	22.0	23.0	24.0	25.0	26.0	27.0	28.0	29.0	30.0	31.0	32.0	33.0	34.0	35.0	36.0	37.0	38.0
SRR6444679_2	1.0	10.0	10.0	33.0	41.0	56.0	107.0	110.0	207.0	230.0	232.0	226.0	248.0	319.0	490.0	713.0	1007.0	1305.0	1753.0	2335.0	3342.0	5240.0	4329.0	23.0
	17.0	18.0	19.0	20.0	21.0	22.0	23.0	24.0	25.0	26.0	27.0	28.0	29.0	30.0	31.0	32.0	33.0	34.0	35.0	36.0	37.0	38.0
SRR6444680_1	1.0	0.0	0.0	6.0	6.0	6.0	17.0	36.0	41.0	61.0	107.0	147.0	211.0	345.0	520.0	722.0	1116.0	1534.0	2317.0	4118.0	13880.0	611.0
	15.0	16.0	17.0	18.0	19.0	20.0	21.0	22.0	23.0	24.0	25.0	26.0	27.0	28.0	29.0	30.0	31.0	32.0	33.0	34.0	35.0	36.0	37.0	38.0
SRR6444680_2	1.0	1.0	21.0	24.0	48.0	81.0	83.0	108.0	138.0	201.0	164.0	184.0	254.0	262.0	454.0	690.0	994.0	1355.0	1916.0	2657.0	3994.0	6551.0	5589.0	32.0
	19.0	20.0	21.0	22.0	23.0	24.0	25.0	26.0	27.0	28.0	29.0	30.0	31.0	32.0	33.0	34.0	35.0	36.0	37.0	38.0
SRR6444695_1	1.0	4.0	5.0	5.0	26.0	36.0	51.0	78.0	126.0	144.0	206.0	338.0	387.0	552.0	701.0	951.0	1217.0	2142.0	4837.0	180.0
	15.0	16.0	17.0	18.0	19.0	20.0	21.0	22.0	23.0	24.0	25.0	26.0	27.0	28.0	29.0	30.0	31.0	32.0	33.0	34.0	35.0	36.0	37.0
SRR6444695_2	2.0	3.0	7.0	10.0	37.0	31.0	50.0	71.0	68.0	92.0	124.0	182.0	260.0	400.0	515.0	653.0	816.0	1033.0	1202.0	1614.0	2024.0	2123.0	670.0
	15.0	16.0	17.0	18.0	19.0	20.0	21.0	22.0	23.0	24.0	25.0	26.0	27.0	28.0	29.0	30.0	31.0	32.0	33.0	34.0	35.0	36.0	37.0	38.0
SRR6444702_1	2.0	0.0	0.0	1.0	2.0	5.0	15.0	21.0	35.0	59.0	84.0	116.0	181.0	274.0	419.0	623.0	886.0	1266.0	1680.0	2402.0	3207.0	5647.0	16136.0	1039.0
	14.0	15.0	16.0	17.0	18.0	19.0	20.0	21.0	22.0	23.0	24.0	25.0	26.0	27.0	28.0	29.0	30.0	31.0	32.0	33.0	34.0	35.0	36.0	37.0	38.0
SRR6444702_2	2.0	2.0	3.0	24.0	37.0	59.0	83.0	117.0	111.0	168.0	189.0	277.0	284.0	390.0	454.0	731.0	1080.0	1464.0	2114.0	2718.0	3715.0	5025.0	7863.0	7107.0	83.0
	18.0	19.0	20.0	21.0	22.0	23.0	24.0	25.0	26.0	27.0	28.0	29.0	30.0	31.0	32.0	33.0	34.0	35.0	36.0	37.0	38.0
SRR6444708_1	1.0	0.0	2.0	8.0	28.0	56.0	65.0	109.0	132.0	238.0	335.0	445.0	625.0	871.0	1283.0	1750.0	2397.0	3506.0	5796.0	17008.0	582.0
	16.0	17.0	18.0	19.0	20.0	21.0	22.0	23.0	24.0	25.0	26.0	27.0	28.0	29.0	30.0	31.0	32.0	33.0	34.0	35.0	36.0	37.0	38.0
SRR6444708_2	10.0	27.0	43.0	84.0	88.0	127.0	131.0	154.0	202.0	231.0	286.0	455.0	601.0	964.0	1253.0	1717.0	2270.0	2790.0	3959.0	5583.0	8156.0	6071.0	35.0
	20.0	21.0	22.0	23.0	24.0	25.0	26.0	27.0	28.0	29.0	30.0	31.0	32.0	33.0	34.0	35.0	36.0	37.0	38.0
SRR6444713_1	1.0	2.0	4.0	19.0	26.0	36.0	58.0	114.0	142.0	215.0	291.0	423.0	575.0	719.0	922.0	1310.0	2300.0	5913.0	305.0
	15.0	16.0	17.0	18.0	19.0	20.0	21.0	22.0	23.0	24.0	25.0	26.0	27.0	28.0	29.0	30.0	31.0	32.0	33.0	34.0	35.0	36.0	37.0
SRR6444713_2	1.0	1.0	11.0	40.0	38.0	57.0	58.0	59.0	75.0	103.0	156.0	228.0	284.0	431.0	549.0	730.0	865.0	1113.0	1374.0	1842.0	2244.0	2385.0	731.0
	19.0	20.0	21.0	22.0	23.0	24.0	25.0	26.0	27.0	28.0	29.0	30.0	31.0	32.0	33.0	34.0	35.0	36.0	37.0	38.0
SRR6444724_1	1.0	2.0	8.0	19.0	31.0	53.0	79.0	123.0	167.0	225.0	339.0	441.0	582.0	869.0	1170.0	1673.0	2321.0	4242.0	10441.0	89.0
	15.0	16.0	17.0	18.0	19.0	20.0	21.0	22.0	23.0	24.0	25.0	26.0	27.0	28.0	29.0	30.0	31.0	32.0	33.0	34.0	35.0	36.0	37.0
SRR6444724_2	1.0	7.0	23.0	54.0	66.0	107.0	144.0	244.0	428.0	532.0	393.0	385.0	511.0	668.0	837.0	1080.0	1402.0	1784.0	2266.0	2871.0	3731.0	3973.0	1368.0
	19.0	20.0	21.0	22.0	23.0	24.0	25.0	26.0	27.0	28.0	29.0	30.0	31.0	32.0	33.0	34.0	35.0	36.0	37.0	38.0
SRR6444735_1	1.0	5.0	11.0	20.0	42.0	63.0	103.0	122.0	160.0	264.0	383.0	519.0	729.0	1032.0	1474.0	2061.0	3026.0	5333.0	14899.0	1119.0
	15.0	16.0	17.0	18.0	19.0	20.0	21.0	22.0	23.0	24.0	25.0	26.0	27.0	28.0	29.0	30.0	31.0	32.0	33.0	34.0	35.0	36.0	37.0	38.0
SRR6444735_2	1.0	7.0	13.0	35.0	66.0	103.0	117.0	132.0	135.0	147.0	161.0	170.0	241.0	446.0	618.0	851.0	1291.0	1823.0	2516.0	3477.0	4993.0	7513.0	6464.0	46.0
	19.0	20.0	21.0	22.0	23.0	24.0	25.0	26.0	27.0	28.0	29.0	30.0	31.0	32.0	33.0	34.0	35.0	36.0	37.0	38.0
SRR6444736_1	1.0	3.0	8.0	16.0	28.0	53.0	78.0	108.0	121.0	193.0	293.0	433.0	634.0	964.0	1404.0	1837.0	2819.0	4846.0	12814.0	637.0
	15.0	16.0	17.0	18.0	19.0	20.0	21.0	22.0	23.0	24.0	25.0	26.0	27.0	28.0	29.0	30.0	31.0	32.0	33.0	34.0	35.0	36.0	37.0	38.0
SRR6444736_2	1.0	1.0	7.0	18.0	33.0	59.0	77.0	91.0	96.0	122.0	114.0	138.0	210.0	276.0	460.0	679.0	948.0	1404.0	2021.0	2895.0	4481.0	6615.0	6445.0	99.0
	20.0	21.0	22.0	23.0	24.0	25.0	26.0	27.0	28.0	29.0	30.0	31.0	32.0	33.0	34.0	35.0	36.0	37.0	38.0
SRR6444758_1	4.0	7.0	14.0	28.0	53.0	86.0	105.0	162.0	254.0	348.0	460.0	631.0	794.0	1056.0	1407.0	1958.0	3303.0	7289.0	273.0
	16.0	17.0	18.0	19.0	20.0	21.0	22.0	23.0	24.0	25.0	26.0	27.0	28.0	29.0	30.0	31.0	32.0	33.0	34.0	35.0	36.0	37.0	38.0
SRR6444758_2	3.0	15.0	40.0	55.0	78.0	93.0	92.0	116.0	146.0	174.0	290.0	371.0	507.0	687.0	974.0	1229.0	1527.0	1867.0	2316.0	2950.0	3428.0	1273.0	1.0
	18.0	19.0	20.0	21.0	22.0	23.0	24.0	25.0	26.0	27.0	28.0	29.0	30.0	31.0	32.0	33.0	34.0	35.0	36.0	37.0	38.0
SRR6444768_1	1.0	0.0	2.0	4.0	10.0	19.0	25.0	50.0	66.0	81.0	115.0	140.0	240.0	358.0	525.0	734.0	961.0	1428.0	2438.0	6709.0	122.0
	15.0	16.0	17.0	18.0	19.0	20.0	21.0	22.0	23.0	24.0	25.0	26.0	27.0	28.0	29.0	30.0	31.0	32.0	33.0	34.0	35.0	36.0	37.0	38.0
SRR6444768_2	1.0	3.0	20.0	35.0	55.0	52.0	67.0	98.0	124.0	142.0	147.0	175.0	234.0	359.0	519.0	687.0	877.0	1118.0	1464.0	1738.0	2443.0	2771.0	898.0	1.0
	20.0	21.0	22.0	23.0	24.0	25.0	26.0	27.0	28.0	29.0	30.0	31.0	32.0	33.0	34.0	35.0	36.0	37.0	38.0
SRR6444776_1	2.0	6.0	9.0	25.0	32.0	52.0	68.0	112.0	153.0	239.0	305.0	468.0	582.0	728.0	981.0	1378.0	2452.0	5277.0	187.0
	16.0	17.0	18.0	19.0	20.0	21.0	22.0	23.0	24.0	25.0	26.0	27.0	28.0	29.0	30.0	31.0	32.0	33.0	34.0	35.0	36.0	37.0
SRR6444776_2	3.0	10.0	14.0	28.0	39.0	42.0	56.0	64.0	80.0	135.0	200.0	312.0	400.0	489.0	709.0	915.0	1134.0	1329.0	1732.0	2159.0	2297.0	909.0
	19.0	20.0	21.0	22.0	23.0	24.0	25.0	26.0	27.0	28.0	29.0	30.0	31.0	32.0	33.0	34.0	35.0	36.0	37.0	38.0
SRR6444788_1	2.0	3.0	2.0	14.0	31.0	36.0	66.0	83.0	147.0	225.0	329.0	432.0	565.0	732.0	1018.0	1353.0	1953.0	3250.0	8979.0	353.0
	15.0	16.0	17.0	18.0	19.0	20.0	21.0	22.0	23.0	24.0	25.0	26.0	27.0	28.0	29.0	30.0	31.0	32.0	33.0	34.0	35.0	36.0	37.0	38.0
SRR6444788_2	2.0	7.0	16.0	44.0	74.0	84.0	162.0	278.0	428.0	399.0	303.0	291.0	347.0	437.0	703.0	863.0	1097.0	1427.0	1819.0	2535.0	3366.0	3701.0	1189.0	1.0
	21.0	22.0	23.0	24.0	25.0	26.0	27.0	28.0	29.0	30.0	31.0	32.0	33.0	34.0	35.0	36.0	37.0	38.0
SRR6444792_1	3.0	2.0	11.0	8.0	20.0	45.0	53.0	67.0	98.0	151.0	218.0	332.0	445.0	615.0	943.0	1663.0	4731.0	332.0
	16.0	17.0	18.0	19.0	20.0	21.0	22.0	23.0	24.0	25.0	26.0	27.0	28.0	29.0	30.0	31.0	32.0	33.0	34.0	35.0	36.0	37.0
SRR6444792_2	1.0	4.0	14.0	27.0	34.0	39.0	38.0	39.0	62.0	57.0	88.0	148.0	220.0	265.0	359.0	555.0	679.0	944.0	1253.0	1826.0	2209.0	876.0
	19.0	20.0	21.0	22.0	23.0	24.0	25.0	26.0	27.0	28.0	29.0	30.0	31.0	32.0	33.0	34.0	35.0	36.0	37.0	38.0
SRR6444797_1	3.0	3.0	11.0	15.0	24.0	60.0	92.0	116.0	159.0	254.0	362.0	486.0	658.0	901.0	1284.0	1874.0	2686.0	4648.0	13457.0	317.0
	16.0	17.0	18.0	19.0	20.0	21.0	22.0	23.0	24.0	25.0	26.0	27.0	28.0	29.0	30.0	31.0	32.0	33.0	34.0	35.0	36.0	37.0	38.0
SRR6444797_2	7.0	14.0	55.0	79.0	81.0	125.0	170.0	224.0	348.0	448.0	437.0	524.0	662.0	893.0	1098.0	1384.0	1731.0	2309.0	2964.0	3978.0	5619.0	4224.0	36.0
	20.0	21.0	22.0	23.0	24.0	25.0	26.0	27.0	28.0	29.0	30.0	31.0	32.0	33.0	34.0	35.0	36.0	37.0	38.0
SRR6444802_1	2.0	12.0	13.0	29.0	61.0	58.0	105.0	148.0	228.0	300.0	471.0	648.0	887.0	1179.0	1478.0	2174.0	3663.0	9388.0	323.0
	14.0	15.0	16.0	17.0	18.0	19.0	20.0	21.0	22.0	23.0	24.0	25.0	26.0	27.0	28.0	29.0	30.0	31.0	32.0	33.0	34.0	35.0	36.0	37.0
SRR6444802_2	2.0	0.0	3.0	18.0	46.0	54.0	72.0	99.0	142.0	192.0	211.0	207.0	241.0	372.0	500.0	755.0	920.0	1244.0	1628.0	2013.0	2665.0	3594.0	4482.0	1707.0
	18.0	19.0	20.0	21.0	22.0	23.0	24.0	25.0	26.0	27.0	28.0	29.0	30.0	31.0	32.0	33.0	34.0	35.0	36.0	37.0	38.0
SRR6444816_1	1.0	3.0	4.0	5.0	15.0	30.0	60.0	90.0	119.0	147.0	254.0	339.0	487.0	694.0	918.0	1153.0	1564.0	2303.0	4329.0	9291.0	348.0
	16.0	17.0	18.0	19.0	20.0	21.0	22.0	23.0	24.0	25.0	26.0	27.0	28.0	29.0	30.0	31.0	32.0	33.0	34.0	35.0	36.0	37.0	38.0
SRR6444816_2	6.0	28.0	41.0	72.0	72.0	107.0	106.0	126.0	165.0	253.0	332.0	569.0	845.0	1006.0	1306.0	1650.0	2098.0	2596.0	3135.0	3571.0	3189.0	879.0	2.0
	19.0	20.0	21.0	22.0	23.0	24.0	25.0	26.0	27.0	28.0	29.0	30.0	31.0	32.0	33.0	34.0	35.0	36.0	37.0	38.0
SRR6444823_1	1.0	8.0	3.0	17.0	45.0	66.0	80.0	108.0	149.0	208.0	312.0	465.0	673.0	981.0	1365.0	1728.0	2725.0	4544.0	17958.0	1827.0
	16.0	17.0	18.0	19.0	20.0	21.0	22.0	23.0	24.0	25.0	26.0	27.0	28.0	29.0	30.0	31.0	32.0	33.0	34.0	35.0	36.0	37.0	38.0
SRR6444823_2	3.0	8.0	35.0	50.0	90.0	112.0	111.0	120.0	128.0	162.0	207.0	252.0	361.0	542.0	841.0	1221.0	1671.0	2222.0	3148.0	4767.0	7920.0	9178.0	114.0
	18.0	19.0	20.0	21.0	22.0	23.0	24.0	25.0	26.0	27.0	28.0	29.0	30.0	31.0	32.0	33.0	34.0	35.0	36.0	37.0	38.0
SRR6444824_1	1.0	1.0	14.0	7.0	23.0	39.0	45.0	89.0	109.0	180.0	272.0	370.0	558.0	847.0	1064.0	1438.0	2117.0	3032.0	5555.0	15529.0	660.0
	15.0	16.0	17.0	18.0	19.0	20.0	21.0	22.0	23.0	24.0	25.0	26.0	27.0	28.0	29.0	30.0	31.0	32.0	33.0	34.0	35.0	36.0	37.0	38.0
SRR6444824_2	1.0	8.0	15.0	45.0	62.0	85.0	107.0	150.0	191.0	251.0	257.0	219.0	299.0	396.0	599.0	901.0	1290.0	1750.0	2419.0	3438.0	5127.0	7858.0	6437.0	45.0
	20.0	21.0	22.0	23.0	24.0	25.0	26.0	27.0	28.0	29.0	30.0	31.0	32.0	33.0	34.0	35.0	36.0	37.0	38.0
SRR6444838_1	1.0	6.0	10.0	38.0	56.0	71.0	105.0	162.0	217.0	307.0	389.0	550.0	700.0	963.0	1305.0	1860.0	2930.0	7386.0	345.0
	16.0	17.0	18.0	19.0	20.0	21.0	22.0	23.0	24.0	25.0	26.0	27.0	28.0	29.0	30.0	31.0	32.0	33.0	34.0	35.0	36.0	37.0	38.0
SRR6444838_2	3.0	16.0	53.0	70.0	91.0	96.0	121.0	196.0	183.0	186.0	229.0	322.0	394.0	603.0	768.0	1060.0	1394.0	1785.0	2291.0	2983.0	3337.0	1219.0	1.0
	19.0	20.0	21.0	22.0	23.0	24.0	25.0	26.0	27.0	28.0	29.0	30.0	31.0	32.0	33.0	34.0	35.0	36.0	37.0	38.0
SRR6444840_1	1.0	5.0	8.0	12.0	27.0	44.0	57.0	98.0	138.0	220.0	266.0	414.0	596.0	821.0	1168.0	1706.0	2354.0	4061.0	13628.0	793.0
	15.0	16.0	17.0	18.0	19.0	20.0	21.0	22.0	23.0	24.0	25.0	26.0	27.0	28.0	29.0	30.0	31.0	32.0	33.0	34.0	35.0	36.0	37.0	38.0
SRR6444840_2	1.0	8.0	17.0	47.0	69.0	86.0	159.0	225.0	399.0	640.0	604.0	458.0	332.0	349.0	469.0	680.0	890.0	1279.0	1666.0	2327.0	3495.0	5868.0	6278.0	71.0
	19.0	20.0	21.0	22.0	23.0	24.0	25.0	26.0	27.0	28.0	29.0	30.0	31.0	32.0	33.0	34.0	35.0	36.0	37.0	38.0
SRR6444846_1	1.0	2.0	1.0	9.0	28.0	38.0	48.0	81.0	103.0	169.0	252.0	307.0	451.0	592.0	782.0	1042.0	1415.0	2504.0	6579.0	316.0
	15.0	16.0	17.0	18.0	19.0	20.0	21.0	22.0	23.0	24.0	25.0	26.0	27.0	28.0	29.0	30.0	31.0	32.0	33.0	34.0	35.0	36.0	37.0	38.0
SRR6444846_2	1.0	5.0	11.0	33.0	38.0	53.0	70.0	80.0	115.0	125.0	140.0	179.0	241.0	383.0	498.0	679.0	884.0	991.0	1471.0	1860.0	2561.0	3125.0	1176.0	1.0
	20.0	21.0	22.0	23.0	24.0	25.0	26.0	27.0	28.0	29.0	30.0	31.0	32.0	33.0	34.0	35.0	36.0	37.0	38.0
SRR6444849_1	3.0	9.0	17.0	30.0	59.0	96.0	112.0	197.0	300.0	398.0	562.0	799.0	1100.0	1456.0	1947.0	2774.0	4741.0	12248.0	557.0
	15.0	16.0	17.0	18.0	19.0	20.0	21.0	22.0	23.0	24.0	25.0	26.0	27.0	28.0	29.0	30.0	31.0	32.0	33.0	34.0	35.0	36.0	37.0	38.0
SRR6444849_2	2.0	7.0	26.0	53.0	77.0	85.0	119.0	124.0	180.0	196.0	238.0	365.0	499.0	671.0	1022.0	1284.0	1656.0	2093.0	2627.0	3513.0	4868.0	5596.0	2101.0	3.0
	20.0	21.0	22.0	23.0	24.0	25.0	26.0	27.0	28.0	29.0	30.0	31.0	32.0	33.0	34.0	35.0	36.0	37.0	38.0
SRR6444854_1	4.0	8.0	14.0	20.0	51.0	60.0	85.0	117.0	187.0	259.0	375.0	503.0	591.0	841.0	1078.0	1711.0	3453.0	5669.0	16.0
	16.0	17.0	18.0	19.0	20.0	21.0	22.0	23.0	24.0	25.0	26.0	27.0	28.0	29.0	30.0	31.0	32.0	33.0	34.0	35.0	36.0	37.0
SRR6444854_2	10.0	24.0	48.0	57.0	49.0	87.0	87.0	108.0	148.0	274.0	456.0	665.0	920.0	1076.0	1300.0	1568.0	1849.0	2335.0	2193.0	1394.0	354.0	40.0
	20.0	21.0	22.0	23.0	24.0	25.0	26.0	27.0	28.0	29.0	30.0	31.0	32.0	33.0	34.0	35.0	36.0	37.0	38.0
SRR6444859_1	7.0	12.0	21.0	23.0	55.0	60.0	98.0	169.0	239.0	339.0	471.0	715.0	968.0	1218.0	1759.0	2482.0	4558.0	13050.0	411.0
	15.0	16.0	17.0	18.0	19.0	20.0	21.0	22.0	23.0	24.0	25.0	26.0	27.0	28.0	29.0	30.0	31.0	32.0	33.0	34.0	35.0	36.0	37.0	38.0
SRR6444859_2	2.0	10.0	18.0	46.0	72.0	86.0	113.0	152.0	237.0	289.0	302.0	297.0	388.0	538.0	794.0	1092.0	1479.0	1864.0	2401.0	3359.0	4766.0	5892.0	2455.0	3.0
	19.0	20.0	21.0	22.0	23.0	24.0	25.0	26.0	27.0	28.0	29.0	30.0	31.0	32.0	33.0	34.0	35.0	36.0	37.0	38.0
SRR6444863_1	2.0	1.0	10.0	26.0	26.0	50.0	82.0	117.0	182.0	263.0	409.0	574.0	811.0	1145.0	1610.0	2104.0	2975.0	4925.0	13453.0	681.0
	16.0	17.0	18.0	19.0	20.0	21.0	22.0	23.0	24.0	25.0	26.0	27.0	28.0	29.0	30.0	31.0	32.0	33.0	34.0	35.0	36.0	37.0	38.0
SRR6444863_2	8.0	15.0	27.0	52.0	63.0	73.0	106.0	123.0	148.0	169.0	235.0	328.0	528.0	732.0	1080.0	1370.0	1881.0	2479.0	3131.0	4520.0	6891.0	5444.0	43.0
	20.0	21.0	22.0	23.0	24.0	25.0	26.0	27.0	28.0	29.0	30.0	31.0	32.0	33.0	34.0	35.0	36.0	37.0	38.0
SRR6444864_1	3.0	4.0	7.0	6.0	13.0	23.0	26.0	40.0	84.0	94.0	151.0	251.0	386.0	544.0	813.0	1243.0	2304.0	7527.0	16.0
	16.0	17.0	18.0	19.0	20.0	21.0	22.0	23.0	24.0	25.0	26.0	27.0	28.0	29.0	30.0	31.0	32.0	33.0	34.0	35.0	36.0	37.0
SRR6444864_2	3.0	21.0	61.0	73.0	69.0	84.0	96.0	144.0	173.0	266.0	409.0	532.0	667.0	797.0	988.0	1124.0	1332.0	1532.0	1919.0	2007.0	1136.0	102.0
	19.0	20.0	21.0	22.0	23.0	24.0	25.0	26.0	27.0	28.0	29.0	30.0	31.0	32.0	33.0	34.0	35.0	36.0	37.0	38.0
SRR6444881_1	1.0	1.0	7.0	21.0	25.0	60.0	80.0	103.0	165.0	242.0	342.0	517.0	666.0	958.0	1301.0	1695.0	2474.0	3854.0	10343.0	740.0
	16.0	17.0	18.0	19.0	20.0	21.0	22.0	23.0	24.0	25.0	26.0	27.0	28.0	29.0	30.0	31.0	32.0	33.0	34.0	35.0	36.0	37.0
SRR6444881_2	6.0	22.0	51.0	77.0	108.0	141.0	184.0	208.0	275.0	349.0	481.0	644.0	901.0	1137.0	1335.0	1613.0	1976.0	2316.0	2901.0	3579.0	3873.0	1418.0
	19.0	20.0	21.0	22.0	23.0	24.0	25.0	26.0	27.0	28.0	29.0	30.0	31.0	32.0	33.0	34.0	35.0	36.0	37.0	38.0
SRR6444885_1	1.0	3.0	14.0	24.0	57.0	82.0	115.0	115.0	165.0	223.0	283.0	443.0	551.0	741.0	1029.0	1423.0	2022.0	3749.0	10520.0	333.0
	15.0	16.0	17.0	18.0	19.0	20.0	21.0	22.0	23.0	24.0	25.0	26.0	27.0	28.0	29.0	30.0	31.0	32.0	33.0	34.0	35.0	36.0	37.0
SRR6444885_2	2.0	5.0	17.0	52.0	65.0	97.0	117.0	122.0	153.0	150.0	204.0	323.0	407.0	688.0	947.0	1118.0	1301.0	1711.0	2205.0	2878.0	4017.0	4188.0	1126.0
	19.0	20.0	21.0	22.0	23.0	24.0	25.0	26.0	27.0	28.0	29.0	30.0	31.0	32.0	33.0	34.0	35.0	36.0	37.0	38.0
SRR6444903_1	2.0	0.0	2.0	9.0	19.0	26.0	38.0	68.0	84.0	128.0	192.0	269.0	373.0	557.0	731.0	998.0	1352.0	2592.0	7942.0	300.0
	16.0	17.0	18.0	19.0	20.0	21.0	22.0	23.0	24.0	25.0	26.0	27.0	28.0	29.0	30.0	31.0	32.0	33.0	34.0	35.0	36.0	37.0	38.0
SRR6444903_2	4.0	8.0	22.0	41.0	51.0	70.0	91.0	133.0	154.0	170.0	228.0	290.0	458.0	643.0	880.0	1086.0	1278.0	1605.0	2193.0	2803.0	2731.0	742.0	1.0
	20.0	21.0	22.0	23.0	24.0	25.0	26.0	27.0	28.0	29.0	30.0	31.0	32.0	33.0	34.0	35.0	36.0	37.0	38.0
SRR6444927_1	1.0	10.0	15.0	39.0	51.0	103.0	122.0	188.0	292.0	394.0	561.0	759.0	1028.0	1448.0	1979.0	3066.0	5522.0	17120.0	1170.0
	16.0	17.0	18.0	19.0	20.0	21.0	22.0	23.0	24.0	25.0	26.0	27.0	28.0	29.0	30.0	31.0	32.0	33.0	34.0	35.0	36.0	37.0
SRR6444927_2	11.0	32.0	58.0	87.0	131.0	157.0	140.0	138.0	198.0	276.0	364.0	608.0	875.0	1178.0	1631.0	2164.0	2863.0	3637.0	4883.0	6332.0	6357.0	1748.0
	18.0	19.0	20.0	21.0	22.0	23.0	24.0	25.0	26.0	27.0	28.0	29.0	30.0	31.0	32.0	33.0	34.0	35.0	36.0	37.0	38.0
SRR6444932_1	2.0	0.0	4.0	7.0	10.0	30.0	35.0	48.0	75.0	111.0	138.0	203.0	274.0	429.0	601.0	794.0	1223.0	1719.0	3181.0	8277.0	39.0
	15.0	16.0	17.0	18.0	19.0	20.0	21.0	22.0	23.0	24.0	25.0	26.0	27.0	28.0	29.0	30.0	31.0	32.0	33.0	34.0	35.0	36.0	37.0
SRR6444932_2	2.0	3.0	7.0	37.0	49.0	70.0	73.0	99.0	133.0	151.0	165.0	224.0	334.0	473.0	735.0	935.0	1171.0	1450.0	1805.0	2493.0	3256.0	2939.0	596.0
	21.0	22.0	23.0	24.0	25.0	26.0	27.0	28.0	29.0	30.0	31.0	32.0	33.0	34.0	35.0	36.0	37.0	38.0
SRR6444938_1	3.0	12.0	21.0	31.0	43.0	70.0	98.0	150.0	197.0	324.0	422.0	600.0	804.0	1169.0	1743.0	3088.0	8945.0	107.0
	15.0	16.0	17.0	18.0	19.0	20.0	21.0	22.0	23.0	24.0	25.0	26.0	27.0	28.0	29.0	30.0	31.0	32.0	33.0	34.0	35.0	36.0	37.0
SRR6444938_2	3.0	4.0	8.0	30.0	58.0	59.0	77.0	132.0	145.0	178.0	174.0	266.0	401.0	519.0	744.0	939.0	1151.0	1484.0	1877.0	2466.0	3111.0	3196.0	805.0
	20.0	21.0	22.0	23.0	24.0	25.0	26.0	27.0	28.0	29.0	30.0	31.0	32.0	33.0	34.0	35.0	36.0	37.0	38.0
SRR6444943_1	3.0	4.0	4.0	17.0	17.0	31.0	60.0	88.0	121.0	201.0	309.0	420.0	594.0	850.0	1209.0	1796.0	3123.0	8971.0	760.0
	16.0	17.0	18.0	19.0	20.0	21.0	22.0	23.0	24.0	25.0	26.0	27.0	28.0	29.0	30.0	31.0	32.0	33.0	34.0	35.0	36.0	37.0	38.0
SRR6444943_2	3.0	7.0	23.0	46.0	64.0	68.0	67.0	78.0	85.0	125.0	191.0	262.0	421.0	642.0	835.0	1156.0	1478.0	1834.0	2535.0	3328.0	3850.0	1478.0	2.0
	19.0	20.0	21.0	22.0	23.0	24.0	25.0	26.0	27.0	28.0	29.0	30.0	31.0	32.0	33.0	34.0	35.0	36.0	37.0	38.0
SRR6444945_1	1.0	3.0	12.0	18.0	41.0	52.0	85.0	101.0	176.0	238.0	311.0	445.0	644.0	887.0	1145.0	1549.0	2396.0	3913.0	9407.0	479.0
	16.0	17.0	18.0	19.0	20.0	21.0	22.0	23.0	24.0	25.0	26.0	27.0	28.0	29.0	30.0	31.0	32.0	33.0	34.0	35.0	36.0	37.0	38.0
SRR6444945_2	5.0	16.0	29.0	60.0	74.0	84.0	110.0	90.0	106.0	151.0	252.0	329.0	519.0	701.0	986.0	1322.0	1691.0	2146.0	2995.0	3960.0	4542.0	1734.0	1.0
	17.0	18.0	19.0	20.0	21.0	22.0	23.0	24.0	25.0	26.0	27.0	28.0	29.0	30.0	31.0	32.0	33.0	34.0	35.0	36.0	37.0	38.0
SRR6444948_1	1.0	1.0	0.0	5.0	10.0	23.0	36.0	74.0	113.0	128.0	213.0	290.0	409.0	630.0	874.0	1254.0	1694.0	2227.0	3256.0	5764.0	16003.0	1103.0
	16.0	17.0	18.0	19.0	20.0	21.0	22.0	23.0	24.0	25.0	26.0	27.0	28.0	29.0	30.0	31.0	32.0	33.0	34.0	35.0	36.0	37.0	38.0
SRR6444948_2	4.0	23.0	30.0	64.0	91.0	103.0	134.0	173.0	211.0	243.0	280.0	341.0	471.0	742.0	1150.0	1601.0	2127.0	2695.0	3734.0	5437.0	8237.0	6188.0	29.0
	19.0	20.0	21.0	22.0	23.0	24.0	25.0	26.0	27.0	28.0	29.0	30.0	31.0	32.0	33.0	34.0	35.0	36.0	37.0	38.0
SRR6444957_1	1.0	5.0	12.0	18.0	39.0	53.0	72.0	103.0	138.0	259.0	359.0	476.0	668.0	973.0	1309.0	1694.0	2487.0	4125.0	11136.0	607.0
	16.0	17.0	18.0	19.0	20.0	21.0	22.0	23.0	24.0	25.0	26.0	27.0	28.0	29.0	30.0	31.0	32.0	33.0	34.0	35.0	36.0	37.0
SRR6444957_2	5.0	14.0	38.0	62.0	78.0	100.0	112.0	139.0	156.0	213.0	316.0	453.0	562.0	819.0	1220.0	1498.0	1968.0	2439.0	3153.0	4306.0	4957.0	1926.0
	18.0	19.0	20.0	21.0	22.0	23.0	24.0	25.0	26.0	27.0	28.0	29.0	30.0	31.0	32.0	33.0	34.0	35.0	36.0	37.0	38.0
SRR6444958_1	1.0	2.0	4.0	10.0	32.0	47.0	75.0	106.0	148.0	219.0	248.0	383.0	538.0	823.0	1221.0	1650.0	2416.0	3474.0	6237.0	18844.0	1119.0
	15.0	16.0	17.0	18.0	19.0	20.0	21.0	22.0	23.0	24.0	25.0	26.0	27.0	28.0	29.0	30.0	31.0	32.0	33.0	34.0	35.0	36.0	37.0	38.0
SRR6444958_2	3.0	15.0	34.0	78.0	111.0	153.0	199.0	351.0	627.0	919.0	852.0	681.0	628.0	729.0	942.0	1347.0	1779.0	2309.0	3029.0	4011.0	5498.0	7968.0	5308.0	26.0
	18.0	19.0	20.0	21.0	22.0	23.0	24.0	25.0	26.0	27.0	28.0	29.0	30.0	31.0	32.0	33.0	34.0	35.0	36.0	37.0	38.0
SRR6444959_1	1.0	0.0	3.0	6.0	14.0	17.0	50.0	84.0	120.0	169.0	216.0	300.0	434.0	576.0	816.0	1077.0	1509.0	2235.0	3921.0	9366.0	228.0
	16.0	17.0	18.0	19.0	20.0	21.0	22.0	23.0	24.0	25.0	26.0	27.0	28.0	29.0	30.0	31.0	32.0	33.0	34.0	35.0	36.0	37.0
SRR6444959_2	7.0	23.0	43.0	71.0	93.0	131.0	161.0	285.0	313.0	263.0	331.0	463.0	597.0	817.0	1060.0	1313.0	1717.0	2259.0	2830.0	3473.0	3649.0	1243.0
	19.0	20.0	21.0	22.0	23.0	24.0	25.0	26.0	27.0	28.0	29.0	30.0	31.0	32.0	33.0	34.0	35.0	36.0	37.0	38.0
SRR6444964_1	2.0	0.0	5.0	7.0	14.0	14.0	27.0	52.0	83.0	126.0	157.0	256.0	345.0	447.0	696.0	927.0	1390.0	2547.0	6956.0	208.0
	15.0	16.0	17.0	18.0	19.0	20.0	21.0	22.0	23.0	24.0	25.0	26.0	27.0	28.0	29.0	30.0	31.0	32.0	33.0	34.0	35.0	36.0	37.0	38.0
SRR6444964_2	1.0	2.0	8.0	21.0	34.0	62.0	59.0	56.0	72.0	83.0	102.0	152.0	213.0	301.0	417.0	568.0	832.0	1089.0	1390.0	2045.0	2700.0	2970.0	1080.0	2.0
	17.0	18.0	19.0	20.0	21.0	22.0	23.0	24.0	25.0	26.0	27.0	28.0	29.0	30.0	31.0	32.0	33.0	34.0	35.0	36.0	37.0	38.0
SRR6444980_1	1.0	3.0	1.0	4.0	13.0	31.0	48.0	64.0	122.0	161.0	202.0	342.0	489.0	748.0	1022.0	1462.0	1937.0	2656.0	3882.0	6821.0	16621.0	935.0
	15.0	16.0	17.0	18.0	19.0	20.0	21.0	22.0	23.0	24.0	25.0	26.0	27.0	28.0	29.0	30.0	31.0	32.0	33.0	34.0	35.0	36.0	37.0	38.0
SRR6444980_2	1.0	7.0	20.0	62.0	80.0	122.0	156.0	134.0	139.0	154.0	188.0	228.0	349.0	548.0	799.0	1121.0	1640.0	2128.0	2856.0	4185.0	6183.0	8896.0	7511.0	58.0
	19.0	20.0	21.0	22.0	23.0	24.0	25.0	26.0	27.0	28.0	29.0	30.0	31.0	32.0	33.0	34.0	35.0	36.0	37.0	38.0
SRR6444996_1	1.0	3.0	10.0	22.0	37.0	57.0	110.0	139.0	204.0	266.0	386.0	575.0	834.0	1132.0	1519.0	2169.0	3165.0	5585.0	15267.0	1137.0
	15.0	16.0	17.0	18.0	19.0	20.0	21.0	22.0	23.0	24.0	25.0	26.0	27.0	28.0	29.0	30.0	31.0	32.0	33.0	34.0	35.0	36.0	37.0	38.0
SRR6444996_2	3.0	4.0	18.0	36.0	53.0	71.0	93.0	134.0	145.0	211.0	238.0	252.0	382.0	469.0	642.0	938.0	1287.0	1924.0	2529.0	3351.0	4820.0	7471.0	7416.0	131.0
	17.0	18.0	19.0	20.0	21.0	22.0	23.0	24.0	25.0	26.0	27.0	28.0	29.0	30.0	31.0	32.0	33.0	34.0	35.0	36.0	37.0	38.0
SRR6444999_1	1.0	0.0	2.0	3.0	10.0	15.0	21.0	42.0	76.0	80.0	137.0	189.0	300.0	402.0	588.0	972.0	1344.0	1957.0	2887.0	5365.0	17448.0	590.0
	15.0	16.0	17.0	18.0	19.0	20.0	21.0	22.0	23.0	24.0	25.0	26.0	27.0	28.0	29.0	30.0	31.0	32.0	33.0	34.0	35.0	36.0	37.0	38.0
SRR6444999_2	1.0	6.0	27.0	62.0	67.0	89.0	95.0	154.0	154.0	209.0	215.0	257.0	328.0	415.0	620.0	923.0	1390.0	1875.0	2539.0	3453.0	5023.0	8183.0	6323.0	21.0
	21.0	22.0	23.0	24.0	25.0	26.0	27.0	28.0	29.0	30.0	31.0	32.0	33.0	34.0	35.0	36.0	37.0	38.0
SRR6445001_1	12.0	5.0	18.0	29.0	33.0	54.0	87.0	109.0	182.0	290.0	416.0	584.0	911.0	1278.0	2046.0	3902.0	11358.0	216.0
	14.0	15.0	16.0	17.0	18.0	19.0	20.0	21.0	22.0	23.0	24.0	25.0	26.0	27.0	28.0	29.0	30.0	31.0	32.0	33.0	34.0	35.0	36.0	37.0
SRR6445001_2	1.0	0.0	6.0	14.0	51.0	75.0	85.0	99.0	104.0	91.0	125.0	168.0	264.0	386.0	583.0	783.0	1051.0	1372.0	1778.0	2219.0	2964.0	4005.0	4185.0	1121.0
	19.0	20.0	21.0	22.0	23.0	24.0	25.0	26.0	27.0	28.0	29.0	30.0	31.0	32.0	33.0	34.0	35.0	36.0	37.0	38.0
SRR6445013_1	1.0	3.0	5.0	8.0	17.0	38.0	45.0	69.0	96.0	152.0	207.0	317.0	476.0	622.0	822.0	1149.0	1635.0	2865.0	7807.0	503.0
	15.0	16.0	17.0	18.0	19.0	20.0	21.0	22.0	23.0	24.0	25.0	26.0	27.0	28.0	29.0	30.0	31.0	32.0	33.0	34.0	35.0	36.0	37.0	38.0
SRR6445013_2	3.0	1.0	14.0	23.0	37.0	48.0	62.0	69.0	94.0	127.0	156.0	224.0	299.0	385.0	595.0	824.0	1003.0	1342.0	1630.0	2143.0	2854.0	3394.0	1506.0	4.0
	18.0	19.0	20.0	21.0	22.0	23.0	24.0	25.0	26.0	27.0	28.0	29.0	30.0	31.0	32.0	33.0	34.0	35.0	36.0	37.0	38.0
SRR6445016_1	2.0	2.0	4.0	5.0	12.0	27.0	40.0	66.0	100.0	118.0	210.0	311.0	402.0	564.0	749.0	1088.0	1512.0	2284.0	4180.0	11120.0	1430.0
	15.0	16.0	17.0	18.0	19.0	20.0	21.0	22.0	23.0	24.0	25.0	26.0	27.0	28.0	29.0	30.0	31.0	32.0	33.0	34.0	35.0	36.0	37.0	38.0
SRR6445016_2	5.0	4.0	16.0	47.0	61.0	64.0	102.0	142.0	292.0	461.0	479.0	376.0	343.0	408.0	576.0	776.0	1076.0	1449.0	1983.0	2691.0	3706.0	5097.0	4014.0	58.0
	17.0	18.0	19.0	20.0	21.0	22.0	23.0	24.0	25.0	26.0	27.0	28.0	29.0	30.0	31.0	32.0	33.0	34.0	35.0	36.0	37.0	38.0
SRR6445020_1	1.0	0.0	2.0	5.0	10.0	7.0	41.0	53.0	88.0	144.0	188.0	236.0	335.0	480.0	719.0	964.0	1245.0	1785.0	2637.0	4526.0	12974.0	851.0
	14.0	15.0	16.0	17.0	18.0	19.0	20.0	21.0	22.0	23.0	24.0	25.0	26.0	27.0	28.0	29.0	30.0	31.0	32.0	33.0	34.0	35.0	36.0	37.0	38.0
SRR6445020_2	2.0	1.0	11.0	28.0	47.0	98.0	139.0	207.0	297.0	432.0	493.0	381.0	331.0	410.0	551.0	782.0	1112.0	1388.0	1818.0	2444.0	3231.0	4700.0	5922.0	2464.0	2.0
	19.0	20.0	21.0	22.0	23.0	24.0	25.0	26.0	27.0	28.0	29.0	30.0	31.0	32.0	33.0	34.0	35.0	36.0	37.0	38.0
SRR6445027_1	2.0	3.0	5.0	17.0	26.0	52.0	67.0	93.0	140.0	174.0	271.0	401.0	527.0	822.0	1222.0	1752.0	2718.0	5193.0	16226.0	390.0
	16.0	17.0	18.0	19.0	20.0	21.0	22.0	23.0	24.0	25.0	26.0	27.0	28.0	29.0	30.0	31.0	32.0	33.0	34.0	35.0	36.0	37.0	38.0
SRR6445027_2	10.0	26.0	53.0	81.0	94.0	109.0	131.0	134.0	163.0	235.0	301.0	436.0	585.0	847.0	1158.0	1609.0	2029.0	2593.0	3537.0	4990.0	6985.0	3991.0	4.0
	20.0	21.0	22.0	23.0	24.0	25.0	26.0	27.0	28.0	29.0	30.0	31.0	32.0	33.0	34.0	35.0	36.0	37.0	38.0
SRR6445035_1	4.0	7.0	14.0	32.0	49.0	84.0	93.0	172.0	244.0	326.0	533.0	627.0	901.0	1138.0	1594.0	2354.0	3923.0	10402.0	644.0
	16.0	17.0	18.0	19.0	20.0	21.0	22.0	23.0	24.0	25.0	26.0	27.0	28.0	29.0	30.0	31.0	32.0	33.0	34.0	35.0	36.0	37.0
SRR6445035_2	5.0	16.0	48.0	53.0	78.0	90.0	109.0	138.0	170.0	180.0	234.0	386.0	508.0	735.0	1065.0	1377.0	1821.0	2270.0	3056.0	4105.0	4961.0	1736.0

