	248	249	250	251
SRR6443836_1	39.0	1972.0	25226.0	142.0
	248	249	250	251
SRR6443836_2	1.0	94.0	150.0	27134.0
	248	249	250	251
SRR6443839_1	54.0	3329.0	33385.0	927.0
	248	249	250	251
SRR6443839_2	5.0	103.0	238.0	37349.0
	248	249	250	251
SRR6443844_1	30.0	913.0	13358.0	104.0
	248	249	250	251
SRR6443844_2	4.0	52.0	91.0	14258.0
	248	249	250	251
SRR6443871_1	56.0	3180.0	32688.0	1418.0
	248	249	250	251
SRR6443871_2	3.0	100.0	181.0	37058.0
	248	249	250	251
SRR6443905_1	35.0	1413.0	20343.0	1245.0
	248	249	250	251
SRR6443905_2	1.0	89.0	145.0	22801.0
	248	249	250	251
SRR6443910_1	34.0	1937.0	22989.0	1153.0
	248	249	250	251
SRR6443910_2	4.0	70.0	144.0	25895.0
	248	249	250	251
SRR6443915_1	27.0	3051.0	25555.0	4403.0
	248	249	250	251
SRR6443915_2	4.0	84.0	241.0	32707.0
	248	249	250	251
SRR6443923_1	12.0	454.0	17614.0	370.0
	248	249	250	251
SRR6443923_2	2.0	63.0	49.0	18336.0
	248	249	250	251
SRR6443924_1	44.0	595.0	24270.0	233.0
	248	249	250	251
SRR6443924_2	5.0	124.0	108.0	24905.0
	248	249	250	251
SRR6443934_1	36.0	1477.0	23001.0	801.0
	248	249	250	251
SRR6443934_2	1.0	71.0	116.0	25127.0
	248	249	250	251
SRR6443943_1	34.0	612.0	17318.0	803.0
	248	249	250	251
SRR6443943_2	1.0	77.0	117.0	18572.0
	248	249	250	251
SRR6443949_1	41.0	1453.0	19158.0	134.0
	248	249	250	251
SRR6443949_2	3.0	70.0	89.0	20624.0
	164	166	168	170	172	174	176	178	180	182	184	186	188	190	192	194	196	198	200	202	204	206	208	210	212	214	216	218	220	222	224	226	228	230	232	234	236	238	240	242	244	246	248	250
SRR6443958_1	1.0	0.0	0.0	0.0	0.0	0.0	0.0	0.0	0.0	0.0	0.0	0.0	0.0	0.0	0.0	0.0	0.0	0.0	0.0	0.0	0.0	0.0	0.0	0.0	0.0	0.0	0.0	0.0	0.0	0.0	0.0	0.0	0.0	0.0	0.0	0.0	0.0	0.0	0.0	0.0	0.0	0.0	1425.0	19726.0
	248	249	250	251
SRR6443958_2	3.0	104.0	154.0	20891.0
	248	249	250	251
SRR6443964_1	40.0	360.0	19194.0	4976.0
	248	249	250	251
SRR6443964_2	4.0	85.0	139.0	24342.0
	174	176	178	180	182	184	186	188	190	192	194	196	198	200	202	204	206	208	210	212	214	216	218	220	222	224	226	228	230	232	234	236	238	240	242	244	246	248	250
SRR6443968_1	1.0	0.0	0.0	0.0	0.0	0.0	0.0	0.0	0.0	0.0	0.0	0.0	0.0	0.0	0.0	0.0	0.0	0.0	0.0	0.0	0.0	0.0	0.0	0.0	0.0	0.0	0.0	0.0	0.0	0.0	0.0	0.0	0.0	0.0	0.0	0.0	0.0	2151.0	25665.0
	248	249	250	251
SRR6443968_2	4.0	72.0	105.0	27636.0
	248	249	250	251
SRR6443974_1	22.0	1863.0	16778.0	597.0
	244	245	246	247	248	249	250	251
SRR6443974_2	1.0	0.0	0.0	0.0	2.0	63.0	126.0	19068.0
	248	249	250	251
SRR6444008_1	18.0	377.0	19755.0	695.0
	248	249	250	251
SRR6444008_2	2.0	73.0	87.0	20683.0
	248	249	250	251
SRR6444010_1	32.0	569.0	20906.0	2254.0
	248	249	250	251
SRR6444010_2	1.0	102.0	195.0	23463.0
	248	249	250	251
SRR6444024_1	43.0	2824.0	32235.0	795.0
	248	249	250	251
SRR6444024_2	4.0	100.0	154.0	35639.0
	248	249	250	251
SRR6444025_1	20.0	2231.0	18545.0	2596.0
	249	250	251
SRR6444025_2	64.0	120.0	23208.0
	248	249	250	251
SRR6444031_1	20.0	950.0	19866.0	82.0
	248	249	250	251
SRR6444031_2	1.0	99.0	104.0	20714.0
	248	249	250	251
SRR6444036_1	16.0	726.0	12906.0	401.0
	248	249	250	251
SRR6444036_2	3.0	38.0	93.0	13915.0
	248	249	250	251
SRR6444040_1	18.0	530.0	22663.0	1474.0
	248	249	250	251
SRR6444040_2	1.0	72.0	88.0	24524.0
	248	249	250	251
SRR6444041_1	29.0	546.0	13952.0	583.0
	248	249	250	251
SRR6444041_2	1.0	51.0	64.0	14994.0
	248	249	250	251
SRR6444047_1	26.0	347.0	27811.0	1048.0
	249	250	251
SRR6444047_2	102.0	147.0	28983.0
	248	249	250	251
SRR6444051_1	41.0	2132.0	29856.0	190.0
	248	249	250	251
SRR6444051_2	2.0	101.0	175.0	31941.0
	235	236	237	238	239	240	241	242	243	244	245	246	247	248	249	250	251
SRR6444056_1	1.0	0.0	0.0	0.0	0.0	0.0	0.0	0.0	0.0	0.0	0.0	0.0	0.0	62.0	910.0	36757.0	138.0
	248	249	250	251
SRR6444056_2	2.0	127.0	186.0	37553.0
	248	249	250	251
SRR6444059_1	19.0	2907.0	24346.0	2305.0
	248	249	250	251
SRR6444059_2	3.0	127.0	159.0	29288.0
	248	249	250	251
SRR6444066_1	29.0	475.0	20430.0	528.0
	248	249	250	251
SRR6444066_2	2.0	78.0	109.0	21273.0
	248	249	250	251
SRR6444070_1	38.0	1533.0	32321.0	159.0
	248	249	250	251
SRR6444070_2	2.0	109.0	184.0	33756.0
	248	249	250	251
SRR6444072_1	20.0	3200.0	15043.0	712.0
	248	249	250	251
SRR6444072_2	7.0	75.0	158.0	18735.0
	248	249	250	251
SRR6444079_1	18.0	230.0	16527.0	391.0
	249	250	251
SRR6444079_2	48.0	70.0	17048.0
	248	249	250	251
SRR6444103_1	29.0	590.0	18880.0	1192.0
	248	249	250	251
SRR6444103_2	6.0	78.0	92.0	20515.0
	248	249	250	251
SRR6444123_1	27.0	493.0	16461.0	1039.0
	248	249	250	251
SRR6444123_2	3.0	74.0	141.0	17802.0
	248	249	250	251
SRR6444127_1	28.0	380.0	17411.0	465.0
	249	250	251
SRR6444127_2	72.0	74.0	18138.0
	248	249	250	251
SRR6444141_1	35.0	954.0	20724.0	593.0
	248	249	250	251
SRR6444141_2	4.0	70.0	73.0	22159.0
	248	249	250	251
SRR6444192_1	22.0	525.0	18041.0	673.0
	248	249	250	251
SRR6444192_2	2.0	59.0	90.0	19110.0
	248	249	250	251
SRR6444202_1	26.0	283.0	18718.0	952.0
	248	249	250	251
SRR6444202_2	3.0	77.0	83.0	19816.0
	248	249	250	251
SRR6444203_1	46.0	1452.0	24085.0	315.0
	248	249	250	251
SRR6444203_2	8.0	196.0	252.0	25442.0
	248	249	250	251
SRR6444206_1	28.0	462.0	14270.0	365.0
	248	249	250	251
SRR6444206_2	6.0	45.0	77.0	14997.0
	248	249	250	251
SRR6444216_1	27.0	2640.0	23036.0	1186.0
	248	249	250	251
SRR6444216_2	11.0	137.0	358.0	26383.0
	247	248	249	250	251
SRR6444217_1	1.0	33.0	1577.0	20813.0	382.0
	248	249	250	251
SRR6444217_2	10.0	99.0	168.0	22529.0
	248	249	250	251
SRR6444218_1	29.0	572.0	19795.0	719.0
	249	250	251
SRR6444218_2	67.0	123.0	20925.0
	248	249	250	251
SRR6444257_1	24.0	341.0	35098.0	900.0
	248	249	250	251
SRR6444257_2	1.0	122.0	158.0	36082.0
	248	249	250	251
SRR6444265_1	42.0	671.0	24432.0	1393.0
	248	249	250	251
SRR6444265_2	2.0	84.0	176.0	26276.0
	170	172	174	176	178	180	182	184	186	188	190	192	194	196	198	200	202	204	206	208	210	212	214	216	218	220	222	224	226	228	230	232	234	236	238	240	242	244	246	248	250
SRR6444279_1	1.0	0.0	0.0	0.0	0.0	0.0	0.0	0.0	0.0	0.0	0.0	0.0	0.0	0.0	0.0	0.0	0.0	0.0	0.0	0.0	0.0	0.0	0.0	0.0	0.0	0.0	0.0	0.0	0.0	0.0	0.0	0.0	0.0	0.0	0.0	0.0	0.0	0.0	0.0	1200.0	33577.0
	248	249	250	251
SRR6444279_2	3.0	97.0	150.0	34528.0
	248	249	250	251
SRR6444288_1	16.0	802.0	18681.0	426.0
	248	249	250	251
SRR6444288_2	5.0	68.0	123.0	19729.0
	248	249	250	251
SRR6444294_1	32.0	841.0	24668.0	1332.0
	249	250	251
SRR6444294_2	116.0	97.0	26660.0
	248	249	250	251
SRR6444311_1	25.0	1297.0	16096.0	417.0
	248	249	250	251
SRR6444311_2	2.0	46.0	86.0	17701.0
	248	249	250	251
SRR6444312_1	16.0	1123.0	12959.0	270.0
	248	249	250	251
SRR6444312_2	4.0	50.0	45.0	14269.0
	248	249	250	251
SRR6444314_1	45.0	854.0	28772.0	149.0
	248	249	250	251
SRR6444314_2	1.0	111.0	156.0	29552.0
	248	249	250	251
SRR6444323_1	65.0	1481.0	27693.0	225.0
	248	249	250	251
SRR6444323_2	1.0	90.0	169.0	29204.0
	248	249	250	251
SRR6444332_1	24.0	2348.0	18787.0	517.0
	248	249	250	251
SRR6444332_2	3.0	123.0	94.0	21456.0
	248	249	250	251
SRR6444338_1	40.0	662.0	29693.0	143.0
	248	249	250	251
SRR6444338_2	1.0	108.0	97.0	30332.0
	248	249	250	251
SRR6444345_1	35.0	1060.0	21560.0	396.0
	248	249	250	251
SRR6444345_2	3.0	72.0	150.0	22826.0
	248	249	250	251
SRR6444349_1	20.0	1723.0	14274.0	140.0
	248	249	250	251
SRR6444349_2	5.0	37.0	151.0	15964.0
	87	92	97	102	107	112	117	122	127	132	137	142	147	152	157	162	167	172	177	182	187	192	197	202	207	212	217	222	227	232	237	242	247	251
SRR6444354_1	1.0	0.0	0.0	0.0	0.0	0.0	0.0	0.0	0.0	0.0	0.0	0.0	0.0	0.0	0.0	0.0	0.0	0.0	0.0	0.0	0.0	0.0	0.0	0.0	0.0	0.0	0.0	0.0	0.0	0.0	0.0	0.0	643.0	20671.0
	248	249	250	251
SRR6444354_2	4.0	75.0	98.0	21138.0
	248	249	250	251
SRR6444362_1	17.0	543.0	18326.0	926.0
	248	249	250	251
SRR6444362_2	1.0	53.0	111.0	19647.0
	248	249	250	251
SRR6444365_1	20.0	1868.0	18580.0	647.0
	249	250	251
SRR6444365_2	142.0	186.0	20787.0
	248	249	250	251
SRR6444370_1	48.0	1326.0	30920.0	3785.0
	248	249	250	251
SRR6444370_2	7.0	200.0	353.0	35519.0
	248	249	250	251
SRR6444371_1	23.0	1937.0	22195.0	728.0
	248	249	250	251
SRR6444371_2	4.0	70.0	214.0	24595.0
	245	246	247	248	249	250	251
SRR6444374_1	2.0	0.0	0.0	48.0	1455.0	34527.0	144.0
	248	249	250	251
SRR6444374_2	5.0	90.0	223.0	35858.0
	248	249	250	251
SRR6444379_1	65.0	797.0	31040.0	1570.0
	248	249	250	251
SRR6444379_2	5.0	126.0	230.0	33111.0
	248	249	250	251
SRR6444381_1	35.0	665.0	18995.0	972.0
	244	245	246	247	248	249	250	251
SRR6444381_2	1.0	0.0	0.0	0.0	1.0	96.0	129.0	20440.0
	248	249	250	251
SRR6444384_1	43.0	2601.0	26075.0	1508.0
	248	249	250	251
SRR6444384_2	3.0	104.0	203.0	29917.0
	248	249	250	251
SRR6444390_1	15.0	4348.0	24387.0	1573.0
	248	249	250	251
SRR6444390_2	8.0	94.0	232.0	29989.0
	248	249	250	251
SRR6444392_1	35.0	3510.0	26721.0	1840.0
	248	249	250	251
SRR6444392_2	1.0	122.0	253.0	31730.0
	248	249	250	251
SRR6444395_1	66.0	1126.0	41735.0	1596.0
	248	249	250	251
SRR6444395_2	5.0	193.0	253.0	44072.0
	248	249	250	251
SRR6444396_1	39.0	1189.0	20381.0	1102.0
	248	249	250	251
SRR6444396_2	2.0	72.0	108.0	22529.0
	248	249	250	251
SRR6444414_1	21.0	200.0	11620.0	443.0
	248	249	250	251
SRR6444414_2	1.0	52.0	71.0	12160.0
	245	246	247	248	249	250	251
SRR6444421_1	1.0	0.0	0.0	38.0	758.0	34219.0	1959.0
	248	249	250	251
SRR6444421_2	3.0	219.0	355.0	36398.0
	248	249	250	251
SRR6444428_1	50.0	1380.0	38027.0	293.0
	248	249	250	251
SRR6444428_2	8.0	121.0	210.0	39411.0
	248	249	250	251
SRR6444431_1	26.0	249.0	20268.0	1444.0
	248	249	250	251
SRR6444431_2	1.0	102.0	123.0	21761.0
	248	249	250	251
SRR6444433_1	35.0	3063.0	27257.0	337.0
	248	249	250	251
SRR6444433_2	3.0	121.0	256.0	30312.0
	248	249	250	251
SRR6444443_1	44.0	737.0	24177.0	769.0
	248	249	250	251
SRR6444443_2	3.0	76.0	78.0	25570.0
	248	249	250	251
SRR6444447_1	18.0	5285.0	18950.0	338.0
	248	249	250	251
SRR6444447_2	5.0	96.0	230.0	24260.0
	248	249	250	251
SRR6444449_1	31.0	541.0	20911.0	1502.0
	248	249	250	251
SRR6444449_2	6.0	93.0	115.0	22771.0
	248	249	250	251
SRR6444460_1	30.0	166.0	12677.0	2174.0
	248	249	250	251
SRR6444460_2	6.0	53.0	76.0	14912.0
	245	246	247	248	249	250	251
SRR6444461_1	1.0	0.0	0.0	23.0	881.0	18610.0	692.0
	248	249	250	251
SRR6444461_2	3.0	86.0	93.0	20025.0
	248	249	250	251
SRR6444464_1	35.0	1803.0	23246.0	3178.0
	248	249	250	251
SRR6444464_2	3.0	98.0	161.0	28000.0
	248	249	250	251
SRR6444479_1	13.0	891.0	10850.0	310.0
	249	250	251
SRR6444479_2	78.0	89.0	11897.0
	248	249	250	251
SRR6444482_1	22.0	611.0	23532.0	1505.0
	248	249	250	251
SRR6444482_2	3.0	93.0	161.0	25413.0
	248	249	250	251
SRR6444503_1	29.0	725.0	25762.0	1581.0
	248	249	250	251
SRR6444503_2	5.0	112.0	220.0	27760.0
	248	249	250	251
SRR6444511_1	30.0	3466.0	27544.0	266.0
	248	249	250	251
SRR6444511_2	7.0	113.0	292.0	30894.0
	248	249	250	251
SRR6444522_1	25.0	1832.0	25602.0	703.0
	248	249	250	251
SRR6444522_2	4.0	116.0	151.0	27891.0
	248	249	250	251
SRR6444523_1	46.0	2090.0	26147.0	2688.0
	248	249	250	251
SRR6444523_2	5.0	99.0	204.0	30663.0
	248	249	250	251
SRR6444527_1	22.0	3065.0	20252.0	1157.0
	248	249	250	251
SRR6444527_2	3.0	64.0	157.0	24272.0
	248	249	250	251
SRR6444528_1	27.0	650.0	20643.0	114.0
	248	249	250	251
SRR6444528_2	2.0	84.0	90.0	21258.0
	248	249	250	251
SRR6444530_1	26.0	1070.0	19671.0	103.0
	248	249	250	251
SRR6444530_2	1.0	85.0	137.0	20647.0
	248	249	250	251
SRR6444531_1	52.0	790.0	31940.0	1618.0
	248	249	250	251
SRR6444531_2	3.0	105.0	222.0	34070.0
	248	249	250	251
SRR6444533_1	36.0	1958.0	17498.0	122.0
	248	249	250	251
SRR6444533_2	6.0	62.0	146.0	19400.0
	248	249	250	251
SRR6444535_1	21.0	167.0	18216.0	635.0
	248	249	250	251
SRR6444535_2	2.0	105.0	150.0	18782.0
	244	245	246	247	248	249	250	251
SRR6444536_1	1.0	0.0	0.0	0.0	44.0	723.0	22089.0	1074.0
	248	249	250	251
SRR6444536_2	1.0	87.0	129.0	23714.0
	248	249	250	251
SRR6444545_1	12.0	353.0	11376.0	363.0
	249	250	251
SRR6444545_2	49.0	75.0	11980.0
	248	249	250	251
SRR6444549_1	29.0	1813.0	16965.0	134.0
	248	249	250	251
SRR6444549_2	5.0	115.0	210.0	18611.0
	248	249	250	251
SRR6444550_1	37.0	2903.0	28843.0	901.0
	248	249	250	251
SRR6444550_2	2.0	104.0	156.0	32422.0
	248	249	250	251
SRR6444551_1	59.0	1648.0	25508.0	1353.0
	248	249	250	251
SRR6444551_2	7.0	99.0	163.0	28299.0
	248	249	250	251
SRR6444556_1	11.0	954.0	11697.0	312.0
	248	249	250	251
SRR6444556_2	2.0	26.0	41.0	12905.0
	248	249	250	251
SRR6444566_1	26.0	3056.0	20551.0	1440.0
	247	248	249	250	251
SRR6444566_2	1.0	2.0	69.0	172.0	24829.0
	248	249	250	251
SRR6444568_1	17.0	1626.0	19363.0	93.0
	248	249	250	251
SRR6444568_2	3.0	76.0	82.0	20938.0
	248	249	250	251
SRR6444572_1	28.0	908.0	30679.0	294.0
	248	249	250	251
SRR6444572_2	3.0	110.0	163.0	31633.0
	248	249	250	251
SRR6444581_1	46.0	1146.0	20671.0	225.0
	248	249	250	251
SRR6444581_2	4.0	94.0	181.0	21809.0
	248	249	250	251
SRR6444596_1	12.0	890.0	9468.0	697.0
	248	249	250	251
SRR6444596_2	1.0	46.0	48.0	10972.0
	248	249	250	251
SRR6444603_1	32.0	1275.0	16304.0	196.0
	249	250	251
SRR6444603_2	63.0	114.0	17630.0
	248	249	250	251
SRR6444635_1	27.0	1847.0	19147.0	1316.0
	247	248	249	250	251
SRR6444635_2	1.0	3.0	105.0	101.0	22127.0
	248	249	250	251
SRR6444637_1	22.0	1835.0	22452.0	971.0
	248	249	250	251
SRR6444637_2	8.0	152.0	321.0	24799.0
	248	249	250	251
SRR6444656_1	16.0	281.0	18461.0	347.0
	248	249	250	251
SRR6444656_2	2.0	77.0	104.0	18922.0
	248	249	250	251
SRR6444657_1	11.0	553.0	16172.0	84.0
	248	249	250	251
SRR6444657_2	1.0	95.0	94.0	16630.0
	248	249	250	251
SRR6444667_1	37.0	1640.0	16989.0	678.0
	248	249	250	251
SRR6444667_2	5.0	85.0	145.0	19109.0
	248	249	250	251
SRR6444669_1	20.0	859.0	11807.0	103.0
	248	249	250	251
SRR6444669_2	1.0	53.0	83.0	12652.0
	248	249	250	251
SRR6444670_1	41.0	773.0	30573.0	203.0
	248	249	250	251
SRR6444670_2	5.0	105.0	173.0	31307.0
	248	249	250	251
SRR6444675_1	14.0	612.0	14434.0	344.0
	248	249	250	251
SRR6444675_2	1.0	64.0	91.0	15248.0
	248	249	250	251
SRR6444678_1	38.0	888.0	22469.0	1490.0
	248	249	250	251
SRR6444678_2	3.0	99.0	163.0	24620.0
	248	249	250	251
SRR6444679_1	21.0	371.0	20978.0	997.0
	248	249	250	251
SRR6444679_2	1.0	65.0	121.0	22180.0
	248	249	250	251
SRR6444680_1	11.0	420.0	25245.0	126.0
	249	250	251
SRR6444680_2	85.0	91.0	25626.0
	248	249	250	251
SRR6444695_1	24.0	692.0	10137.0	1134.0
	248	249	250	251
SRR6444695_2	2.0	50.0	85.0	11850.0
	248	249	250	251
SRR6444702_1	52.0	1043.0	32837.0	168.0
	248	249	250	251
SRR6444702_2	2.0	100.0	177.0	33821.0
	248	249	250	251
SRR6444708_1	28.0	593.0	33131.0	1485.0
	248	249	250	251
SRR6444708_2	4.0	134.0	224.0	34875.0
	170	172	174	176	178	180	182	184	186	188	190	192	194	196	198	200	202	204	206	208	210	212	214	216	218	220	222	224	226	228	230	232	234	236	238	240	242	244	246	248	250
SRR6444713_1	1.0	0.0	0.0	0.0	0.0	0.0	0.0	0.0	0.0	0.0	0.0	0.0	0.0	0.0	0.0	0.0	0.0	0.0	0.0	0.0	0.0	0.0	0.0	0.0	0.0	0.0	0.0	0.0	0.0	0.0	0.0	0.0	0.0	0.0	0.0	0.0	0.0	0.0	0.0	1309.0	12065.0
	248	249	250	251
SRR6444713_2	3.0	53.0	96.0	13223.0
	248	249	250	251
SRR6444724_1	29.0	3905.0	18789.0	152.0
	248	249	250	251
SRR6444724_2	7.0	85.0	181.0	22602.0
	248	249	250	251
SRR6444735_1	28.0	1454.0	29754.0	130.0
	248	249	250	251
SRR6444735_2	4.0	87.0	174.0	31101.0
	248	249	250	251
SRR6444736_1	20.0	3277.0	23082.0	911.0
	248	249	250	251
SRR6444736_2	1.0	92.0	124.0	27073.0
	248	249	250	251
SRR6444758_1	28.0	1643.0	16076.0	485.0
	244	245	246	247	248	249	250	251
SRR6444758_2	1.0	0.0	0.0	0.0	4.0	77.0	78.0	18072.0
	248	249	250	251
SRR6444768_1	20.0	344.0	13200.0	464.0
	249	250	251
SRR6444768_2	53.0	76.0	13899.0
	248	249	250	251
SRR6444776_1	14.0	1073.0	11605.0	364.0
	248	249	250	251
SRR6444776_2	3.0	55.0	52.0	12946.0
	248	249	250	251
SRR6444788_1	25.0	1137.0	18293.0	118.0
	248	249	250	251
SRR6444788_2	3.0	70.0	106.0	19394.0
	248	249	250	251
SRR6444792_1	15.0	112.0	9441.0	169.0
	249	250	251
SRR6444792_2	37.0	54.0	9646.0
	248	249	250	251
SRR6444797_1	15.0	3761.0	22017.0	1617.0
	248	249	250	251
SRR6444797_2	12.0	117.0	293.0	26988.0
	248	249	250	251
SRR6444802_1	14.0	1486.0	19563.0	104.0
	248	249	250	251
SRR6444802_2	2.0	46.0	90.0	21029.0
	248	249	250	251
SRR6444816_1	24.0	715.0	20488.0	927.0
	248	249	250	251
SRR6444816_2	4.0	97.0	128.0	21925.0
	248	249	250	251
SRR6444823_1	30.0	716.0	31758.0	759.0
	249	250	251
SRR6444823_2	94.0	141.0	33028.0
	248	249	250	251
SRR6444824_1	29.0	1216.0	30581.0	124.0
	248	249	250	251
SRR6444824_2	5.0	104.0	177.0	31664.0
	166	168	170	172	174	176	178	180	182	184	186	188	190	192	194	196	198	200	202	204	206	208	210	212	214	216	218	220	222	224	226	228	230	232	234	236	238	240	242	244	246	248	250
SRR6444838_1	1.0	0.0	0.0	0.0	0.0	0.0	0.0	0.0	0.0	0.0	0.0	0.0	0.0	0.0	0.0	0.0	0.0	0.0	0.0	0.0	0.0	0.0	0.0	0.0	0.0	0.0	0.0	0.0	0.0	0.0	0.0	0.0	0.0	0.0	0.0	0.0	0.0	0.0	0.0	0.0	0.0	415.0	16985.0
	248	249	250	251
SRR6444838_2	2.0	69.0	112.0	17218.0
	248	249	250	251
SRR6444840_1	31.0	685.0	25592.0	109.0
	248	249	250	251
SRR6444840_2	2.0	115.0	159.0	26141.0
	248	249	250	251
SRR6444846_1	22.0	1598.0	13015.0	85.0
	248	249	250	251
SRR6444846_2	6.0	54.0	122.0	14538.0
	248	249	250	251
SRR6444849_1	31.0	1070.0	25878.0	426.0
	248	249	250	251
SRR6444849_2	1.0	93.0	104.0	27207.0
	248	249	250	251
SRR6444854_1	30.0	249.0	14482.0	281.0
	249	250	251
SRR6444854_2	82.0	91.0	14869.0
	245	246	247	248	249	250	251
SRR6444859_1	1.0	0.0	0.0	36.0	1341.0	25163.0	114.0
	248	249	250	251
SRR6444859_2	2.0	108.0	90.0	26455.0
	245	246	247	248	249	250	251
SRR6444863_1	1.0	0.0	0.0	62.0	709.0	27592.0	1082.0
	248	249	250	251
SRR6444863_2	1.0	85.0	137.0	29223.0
	245	246	247	248	249	250	251
SRR6444864_1	1.0	0.0	0.0	6.0	247.0	13215.0	66.0
	248	249	250	251
SRR6444864_2	1.0	97.0	68.0	13369.0
	248	249	250	251
SRR6444881_1	39.0	2264.0	21075.0	217.0
	248	249	250	251
SRR6444881_2	9.0	140.0	337.0	23109.0
	248	249	250	251
SRR6444885_1	18.0	1567.0	19759.0	549.0
	248	249	250	251
SRR6444885_2	2.0	70.0	96.0	21725.0
	248	249	250	251
SRR6444903_1	23.0	631.0	14960.0	68.0
	248	249	250	251
SRR6444903_2	3.0	64.0	62.0	15553.0
	248	249	250	251
SRR6444927_1	41.0	1263.0	31596.0	968.0
	248	249	250	251
SRR6444927_2	2.0	111.0	207.0	33548.0
	248	249	250	251
SRR6444932_1	21.0	177.0	16276.0	726.0
	249	250	251
SRR6444932_2	73.0	81.0	17046.0
	248	249	250	251
SRR6444938_1	26.0	395.0	16880.0	526.0
	248	249	250	251
SRR6444938_2	2.0	66.0	72.0	17687.0
	248	249	250	251
SRR6444943_1	12.0	1876.0	16245.0	445.0
	248	249	250	251
SRR6444943_2	2.0	83.0	68.0	18425.0
	238	239	240	241	242	243	244	245	246	247	248	249	250	251
SRR6444945_1	1.0	0.0	0.0	0.0	0.0	0.0	0.0	0.0	0.0	0.0	26.0	1502.0	19866.0	508.0
	248	249	250	251
SRR6444945_2	5.0	79.0	98.0	21721.0
	248	249	250	251
SRR6444948_1	45.0	3044.0	29914.0	1105.0
	248	249	250	251
SRR6444948_2	6.0	104.0	191.0	33807.0
	247	248	249	250	251
SRR6444957_1	1.0	48.0	1313.0	22773.0	399.0
	248	249	250	251
SRR6444957_2	3.0	61.0	105.0	24365.0
	248	249	250	251
SRR6444958_1	41.0	2376.0	35011.0	169.0
	248	249	250	251
SRR6444958_2	3.0	148.0	233.0	37213.0
	248	249	250	251
SRR6444959_1	27.0	3579.0	16668.0	868.0
	248	249	250	251
SRR6444959_2	11.0	71.0	181.0	20879.0
	248	249	250	251
SRR6444964_1	17.0	292.0	13892.0	58.0
	249	250	251
SRR6444964_2	58.0	70.0	14131.0
	248	249	250	251
SRR6444980_1	38.0	551.0	35421.0	1555.0
	248	249	250	251
SRR6444980_2	1.0	124.0	208.0	37232.0
	248	249	250	251
SRR6444996_1	39.0	984.0	31123.0	472.0
	248	249	250	251
SRR6444996_2	8.0	87.0	181.0	32342.0
	248	249	250	251
SRR6444999_1	21.0	1292.0	30980.0	136.0
	248	249	250	251
SRR6444999_2	4.0	94.0	119.0	32212.0
	248	249	250	251
SRR6445001_1	23.0	265.0	21136.0	106.0
	248	249	250	251
SRR6445001_2	1.0	87.0	66.0	21376.0
	248	249	250	251
SRR6445013_1	23.0	562.0	16028.0	224.0
	248	249	250	251
SRR6445013_2	3.0	48.0	64.0	16722.0
	248	249	250	251
SRR6445016_1	36.0	152.0	21881.0	2157.0
	248	249	250	251
SRR6445016_2	1.0	83.0	130.0	24012.0
	248	249	250	251
SRR6445020_1	50.0	594.0	25603.0	1044.0
	248	249	250	251
SRR6445020_2	2.0	120.0	146.0	27023.0
	248	249	250	251
SRR6445027_1	28.0	1919.0	26859.0	1295.0
	244	245	246	247	248	249	250	251
SRR6445027_2	1.0	0.0	0.0	0.0	3.0	88.0	149.0	29860.0
	245	246	247	248	249	250	251
SRR6445035_1	1.0	0.0	0.0	22.0	803.0	21715.0	600.0
	248	249	250	251
SRR6445035_2	5.0	73.0	113.0	22950.0

